s1
0
 2013 04 20 10 23 17.605     2013 04 20 10 28 12.580     295.0
 2013 04 20 21 42  5.279     2013 04 20 21 47  7.228     301.9
1
 2013 04 20 08 49 37.438     2013 04 20 08 50 23.097      45.7
 2013 04 20 21 38 47.507     2013 04 20 21 40 26.622      99.1
2
 2013 04 20 12 04 48.437     2013 04 20 12 05 17.420      29.0
3
 2013 04 20 10 27 26.802     2013 04 20 10 28  6.462      39.7
 2013 04 20 23 17  6.558     2013 04 20 23 23 41.234     394.7
4
 2013 04 20 01 22 38.814     2013 04 20 01 24  5.880      87.1
 2013 04 20 13 47 14.430     2013 04 20 13 48 55.245     100.8
5
 2013 04 20 12 13 19.137     2013 04 20 12 14 19.449      60.3
6
 2013 04 20 12 07 58.232     2013 04 20 12 12 53.162     294.9
 2013 04 20 23 19 57.691     2013 04 20 23 24 39.641     281.9
7
 2013 04 20 12 09 59.528     2013 04 20 12 16 36.207     396.7
8
 2013 04 20 12 00 17.794     2013 04 20 12 05 18.260     300.5
 2013 04 20 21 45 40.607     2013 04 20 21 52 14.826     394.2
 2013 04 20 23 26  4.789     2013 04 20 23 28 20.702     135.9
9
 2013 04 20 01 16 13.864     2013 04 20 01 16 36.649      22.8
 2013 04 20 12 12 44.792     2013 04 20 12 18 54.656     369.9
10
 2013 04 20 10 30 22.838     2013 04 20 10 36 15.946     353.1
 2013 04 20 21 33 58.479     2013 04 20 21 39 48.146     349.7
11
 2013 04 20 12 04 42.386     2013 04 20 12 09 49.650     307.3
 2013 04 20 23 22 58.328     2013 04 20 23 28 20.271     321.9
12
 2013 04 20 10 26 33.494     2013 04 20 10 31 24.772     291.3
 2013 04 20 21 37 55.346     2013 04 20 21 39 54.512     119.2
13
 2013 04 20 10 29 25.209     2013 04 20 10 34 15.409     290.2
 2013 04 20 21 35 20.677     2013 04 20 21 41 29.367     368.7
14
 2013 04 20 10 35 41.177     2013 04 20 10 36 30.331      49.2
 2013 04 20 23 16 14.550     2013 04 20 23 21 34.826     320.3
15
 2013 04 20 11 59 36.322     2013 04 20 12 05 19.500     343.2
 2013 04 20 13 39  4.485     2013 04 20 13 40  1.093      56.6
 2013 04 20 23 28  7.659     2013 04 20 23 32 39.554     271.9
16
 2013 04 20 01 20 47.663     2013 04 20 01 22 34.255     106.6
17
 2013 04 20 10 28 36.499     2013 04 20 10 29 29.525      53.0
 2013 04 20 12 02 19.198     2013 04 20 12 02 45.402      26.2
 2013 04 20 21 41  7.959     2013 04 20 21 41 11.887       3.9
 2013 04 20 23 21 46.124     2013 04 20 23 22 13.477      27.4
18
 2013 04 20 13 40 54.654     2013 04 20 13 46   .262     305.6
 2013 04 20 23 27 48.055     2013 04 20 23 33 37.775     349.7
19
 2013 04 20 12 09  2.783     2013 04 20 12 14 43.191     340.4
 2013 04 20 23 18 28.461     2013 04 20 23 23 10.711     282.2
20
 2013 04 20 10 28  6.478     2013 04 20 10 32 49.057     282.6
 2013 04 20 21 42 59.144     2013 04 20 21 43 53.062      53.9
21
 2013 04 20 13 44 30.066     2013 04 20 13 45 43.557      73.5
22
 2013 04 20 10 26 48.592     2013 04 20 10 31 58.406     309.8
 2013 04 20 21 38 28.891     2013 04 20 21 43  6.055     277.2
23
 2013 04 20 10 27  7.642     2013 04 20 10 31 35.087     267.4
 2013 04 20 21 37 54.516     2013 04 20 21 44  3.127     368.6
24
 2013 04 20 10 23  1.556     2013 04 20 10 27 31.844     270.3
 2013 04 20 21 42 37.026     2013 04 20 21 47 11.607     274.6
25
 2013 04 20 12 10 47.480     2013 04 20 12 11 22.568      35.1
 2013 04 20 23 15 32.298     2013 04 20 23 20 10.608     278.3
26
 2013 04 20 12 04  4.006     2013 04 20 12 10  6.214     362.2
 2013 04 20 23 22 32.945     2013 04 20 23 28 22.202     349.3
27
 2013 04 20 10 21 24.544     2013 04 20 10 21 37.899      13.4
 2013 04 20 12 01 57.558     2013 04 20 12 02 17.248      19.7
 2013 04 20 21 41 37.295     2013 04 20 21 42 31.041      53.7
 2013 04 20 23 21 52.190     2013 04 20 23 21 59.801       7.6
28
 2013 04 20 08 49 28.862     2013 04 20 08 49 38.233       9.4
 2013 04 20 10 22 15.072     2013 04 20 10 22 46.302      31.2
 2013 04 20 21 39 54.296     2013 04 20 21 41 56.139     121.8
29
 2013 04 20 12 10 36.876     2013 04 20 12 15 35.261     298.4
 2013 04 20 23 16 42.947     2013 04 20 23 22 38.598     355.7
30
 2013 04 20 10 22 32.911     2013 04 20 10 29  7.878     395.0
 2013 04 20 21 40 58.539     2013 04 20 21 47 17.522     379.0
31
 2013 04 20 12 06  6.622     2013 04 20 12 10 38.512     271.9
 2013 04 20 23 21 56.356     2013 04 20 23 27  1.134     304.8
32
 2013 04 20 10 29 14.164     2013 04 20 10 33 46.309     272.1
 2013 04 20 21 42 33.066     2013 04 20 21 43   .842      27.8
33
 2013 04 20 12 00 24.586     2013 04 20 12 05 13.093     288.5
 2013 04 20 23 27 31.987     2013 04 20 23 32 22.642     290.7
34
 2013 04 20 12 01 52.699     2013 04 20 12 06 25.117     272.4
 2013 04 20 23 25 46.332     2013 04 20 23 31 14.627     328.3
35
 2013 04 20 13 43 10.618     2013 04 20 13 49 50.672     400.1
 2013 04 20 23 23 47.369     2013 04 20 23 24  5.884      18.5
36
 2013 04 20 12 02 41.099     2013 04 20 12 07 10.625     269.5
 2013 04 20 23 25 16.639     2013 04 20 23 30 14.678     298.0
37
 2013 04 20 12 03  6.344     2013 04 20 12 08 11.832     305.5
 2013 04 20 23 24 52.447     2013 04 20 23 29 34.847     282.4
38
 2013 04 20 10 26 46.308     2013 04 20 10 31 15.015     268.7
 2013 04 20 21 38 38.469     2013 04 20 21 43 53.350     314.9
39
 2013 04 20 11 59 32.099     2013 04 20 12 06   .040     387.9
 2013 04 20 13 39 50.292     2013 04 20 13 42  7.477     137.2
 2013 04 20 23 27 50.241     2013 04 20 23 32 28.176     277.9
40
 2013 04 20 10 26  9.267     2013 04 20 10 26 26.365      17.1
 2013 04 20 12 00 11.659     2013 04 20 12 06  7.413     355.8
 2013 04 20 21 45 21.625     2013 04 20 21 51 19.280     357.7
 2013 04 20 23 25  2.656     2013 04 20 23 25 24.327      21.7
41
 2013 04 20 10 35 31.673     2013 04 20 10 35 45.003      13.3
 2013 04 20 23 17 14.695     2013 04 20 23 22 39.188     324.5
42
 2013 04 20 12 05 41.712     2013 04 20 12 05 47.139       5.4
43
 2013 04 20 10 19 18.479     2013 04 20 10 25  3.467     345.0
 2013 04 20 20 03 39.783     2013 04 20 20 10  5.392     385.6
 2013 04 20 21 43 44.489     2013 04 20 21 44 37.236      52.7
44
 2013 04 20 10 22 19.891     2013 04 20 10 27 51.605     331.7
 2013 04 20 21 42 39.626     2013 04 20 21 47 57.480     317.9
45
 2013 04 20 12 11   .896     2013 04 20 12 17 24.103     383.2
46
 2013 04 20 10 24 26.627     2013 04 20 10 29 37.423     310.8
 2013 04 20 21 40 45.893     2013 04 20 21 45 23.972     278.1
47
 2013 04 20 21 36 31.945     2013 04 20 21 41 36.432     304.5
48
 2013 04 20 08 46 56.163     2013 04 20 08 52 36.944     340.8
 2013 04 20 21 35  1.354     2013 04 20 21 35 29.334      28.0
49
 2013 04 20 08 46  9.341     2013 04 20 08 52 18.978     369.6
 2013 04 20 21 35 42.670     2013 04 20 21 36 30.944      48.3
50
 2013 04 20 10 37 41.777     2013 04 20 10 38 31.541      49.8
 2013 04 20 23 14 34.233     2013 04 20 23 19 13.872     279.6
51
 2013 04 20 12 10 16.753     2013 04 20 12 14 42.127     265.4
 2013 04 20 23 16 44.965     2013 04 20 23 17 37.070      52.1
52
 2013 04 20 10 30 41.131     2013 04 20 10 35 16.789     275.7
53
 2013 04 20 10 21 58.360     2013 04 20 10 28 20.366     382.0
 2013 04 20 21 41 31.269     2013 04 20 21 48  6.490     395.2
54
 2013 04 20 12 13 51.730     2013 04 20 12 18 17.421     265.7
55
 2013 04 20 13 43 49.987     2013 04 20 13 50 34.609     404.6
 2013 04 20 23 31  3.068     2013 04 20 23 31 15.741      12.7
56
 2013 04 20 12 10  5.201     2013 04 20 12 11 29.609      84.4
 2013 04 20 23 16 33.962     2013 04 20 23 21  8.511     274.5
57
 2013 04 20 10 31 20.917     2013 04 20 10 35 53.551     272.6
 2013 04 20 21 40 16.723     2013 04 20 21 40 47.710      31.0
58
 2013 04 20 08 50 34.078     2013 04 20 08 55 56.498     322.4
 2013 04 20 21 32 25.603     2013 04 20 21 38 57.525     391.9
59
 2013 04 20 12 04 15.400     2013 04 20 12 09 25.339     309.9
 2013 04 20 23 23 28.672     2013 04 20 23 28 40.630     312.0
60
 2013 04 20 10 25 59.240     2013 04 20 10 31 38.976     339.7
 2013 04 20 21 39  3.663     2013 04 20 21 43 33.030     269.4
61
 2013 04 20 10 20 39.702     2013 04 20 10 25 46.992     307.3
 2013 04 20 21 44 49.739     2013 04 20 21 49 21.456     271.7
62
 2013 04 20 10 29 57.706     2013 04 20 10 34 26.320     268.6
 2013 04 20 21 34 23.858     2013 04 20 21 34 53.906      30.0
63
 2013 04 20 10 20 58.698     2013 04 20 10 27 33.487     394.8
 2013 04 20 21 43 20.216     2013 04 20 21 49  3.178     343.0
64
 2013 04 20 12 13 25.809     2013 04 20 12 18 38.452     312.6
65
 2013 04 20 01 16 41.995     2013 04 20 01 17 46.993      65.0
 2013 04 20 12 12 16.258     2013 04 20 12 19  3.532     407.3
66
 2013 04 20 08 50 41.611     2013 04 20 08 51  5.715      24.1
 2013 04 20 21 38 29.753     2013 04 20 21 42 16.335     226.6
67
 2013 04 20 10 27 28.710     2013 04 20 10 31 55.764     267.1
 2013 04 20 21 37 42.894     2013 04 20 21 43 28.287     345.4
68
 2013 04 20 10 26 55.272     2013 04 20 10 31 27.048     271.8
 2013 04 20 21 38 29.181     2013 04 20 21 43 40.217     311.0
69
 2013 04 20 12 08 28.286     2013 04 20 12 13 52.576     324.3
 2013 04 20 23 26  6.364     2013 04 20 23 26 10.988       4.6
70
 2013 04 20 23 15 18.367     2013 04 20 23 19 47.635     269.3
71
 2013 04 20 12 09 37.193     2013 04 20 12 14 21.460     284.3
 2013 04 20 23 18   .009     2013 04 20 23 23 36.204     336.2
72
 2013 04 20 01 26 47.944     2013 04 20 01 27 45.956      58.0
 2013 04 20 13 44  4.229     2013 04 20 13 49 12.117     307.9
73
 2013 04 20 10 28 53.067     2013 04 20 10 33 29.888     276.8
 2013 04 20 21 42 51.972     2013 04 20 21 43 20.113      28.1
74
 2013 04 20 01 17 52.586     2013 04 20 01 24  3.571     371.0
75
 2013 04 20 10 28 27.359     2013 04 20 10 33  2.321     275.0
 2013 04 20 21 42 28.168     2013 04 20 21 43 31.530      63.4
76
 2013 04 20 10 19   .644     2013 04 20 10 19 53.152      52.5
 2013 04 20 12 00   .747     2013 04 20 12 02 43.003     162.3
 2013 04 20 21 44 59.557     2013 04 20 21 50 30.294     330.7
77
 2013 04 20 10 31 46.527     2013 04 20 10 36 51.985     305.5
 2013 04 20 23 13 37.471     2013 04 20 23 16 23.867     166.4
78
 2013 04 20 10 29 50.802     2013 04 20 10 30 42.168      51.4
 2013 04 20 21 34   .344     2013 04 20 21 38 46.955     286.6
79
 2013 04 20 12 07  5.981     2013 04 20 12 13 53.402     407.4
80
 2013 04 20 10 22 19.788     2013 04 20 10 27  1.090     281.3
 2013 04 20 21 43 20.582     2013 04 20 21 47 53.579     273.0
81
 2013 04 20 01 16 42.361     2013 04 20 01 17 21.341      39.0
 2013 04 20 12 12 11.489     2013 04 20 12 18 46.949     395.5
82
 2013 04 20 12 04 31.652     2013 04 20 12 09  9.827     278.2
 2013 04 20 23 23 31.180     2013 04 20 23 28 10.174     279.0
83
 2013 04 20 10 29 41.117     2013 04 20 10 34 47.519     306.4
 2013 04 20 21 34 59.856     2013 04 20 21 41   .144     360.3
84
 2013 04 20 01 25 44.876     2013 04 20 01 26  4.256      19.4
 2013 04 20 13 44 26.811     2013 04 20 13 50 16.435     349.6
85
 2013 04 20 10 27 34.837     2013 04 20 10 28 24.664      49.8
 2013 04 20 23 17   .416     2013 04 20 23 23 35.767     395.4
86
 2013 04 20 08 54 51.941     2013 04 20 08 55 19.499      27.6
 2013 04 20 21 35  7.590     2013 04 20 21 40 18.133     310.5
87
 2013 04 20 12 10 43.788     2013 04 20 12 17  5.002     381.2
88
 2013 04 20 11 59 17.688     2013 04 20 12 06  4.811     407.1
 2013 04 20 13 39 59.553     2013 04 20 13 46 47.310     407.8
 2013 04 20 23 27 53.635     2013 04 20 23 32 36.611     283.0
89
 2013 04 20 10 22  9.324     2013 04 20 10 27 26.241     316.9
 2013 04 20 21 43  5.667     2013 04 20 21 48  3.681     298.0
90
 2013 04 20 10 22 22.113     2013 04 20 10 27 51.291     329.2
 2013 04 20 21 42  4.274     2013 04 20 21 47 46.497     342.2
91
 2013 04 20 10 22 29.704     2013 04 20 10 27 21.031     291.3
 2013 04 20 21 42 37.430     2013 04 20 21 47 43.842     306.4
92
 2013 04 20 10 25  8.180     2013 04 20 10 29 37.362     269.2
 2013 04 20 21 40 32.537     2013 04 20 21 45 10.772     278.2
93
 2013 04 20 12 03  9.768     2013 04 20 12 07 37.889     268.1
 2013 04 20 23 24 58.447     2013 04 20 23 29 40.617     282.2
94
 2013 04 20 10 30 51.343     2013 04 20 10 36 45.023     353.7
 2013 04 20 23 14 30.270     2013 04 20 23 20 51.615     381.3
95
 2013 04 20 12 06 15.717     2013 04 20 12 11 35.522     319.8
 2013 04 20 23 20 41.576     2013 04 20 23 27 23.540     402.0
96
 2013 04 20 12 11 17.695     2013 04 20 12 11 43.550      25.9
 2013 04 20 13 44 23.536     2013 04 20 13 44 47.178      23.6
97
 2013 04 20 10 34 33.251     2013 04 20 10 34 38.420       5.2
 2013 04 20 23 18 14.525     2013 04 20 23 24  2.245     347.7
98
 2013 04 20 12 07  8.231     2013 04 20 12 08   .521      52.3
 2013 04 20 23 19  3.309     2013 04 20 23 23 59.120     295.8
99
 2013 04 20 10 28 33.370     2013 04 20 10 34 39.536     366.2
 2013 04 20 21 36  9.526     2013 04 20 21 40 58.309     288.8
