0 36.4618 113.1081 4 26 9
2  45.0 45.0 0.00
1 29.5405 129.4457 3 23 7
2  45.0 45.0 0.00
2 30.9395 80.0903 4 21 5
2  45.0 45.0 0.00
3 17.4327 103.9089 9 25 9
2  45.0 45.0 0.00
4 26.3857 74.0431 2 21 8
2  45.0 45.0 0.00
5 24.2224 78.4946 10 19 7
2  45.0 45.0 0.00
6 24.0873 92.5520 5 21 9
2  45.0 45.0 0.00
7 14.0894 79.2793 6 15 5
2  45.0 45.0 0.00
8 50.5914 101.4628 8 26 9
2  45.0 45.0 0.00
9 5.1338 78.6588 5 15 6
2  45.0 45.0 0.00
10 9.3031 117.4035 8 26 7
2  45.0 45.0 0.00
11 35.5925 86.7677 9 15 9
2  45.0 45.0 0.00
12 24.9617 111.0939 9 16 9
2  45.0 45.0 0.00
13 14.6462 115.5234 10 21 7
2  45.0 45.0 0.00
14 12.2000 101.8865 7 24 5
2  45.0 45.0 0.00
15 52.6667 87.8434 2 22 6
2  45.0 45.0 0.00
16 19.5067 74.6448 9 29 8
2  45.0 45.0 0.00
17 37.0844 105.0839 4 29 5
2  45.0 45.0 0.00
18 52.6163 77.6211 10 16 6
2  45.0 45.0 0.00
19 18.8465 93.6542 4 27 5
2  45.0 45.0 0.00
20 19.6976 110.7287 3 22 8
2  45.0 45.0 0.00
21 35.2310 77.6326 7 24 6
2  45.0 45.0 0.00
22 23.2231 118.5643 10 26 5
2  45.0 45.0 0.00
23 23.5910 113.3491 5 21 8
2  45.0 45.0 0.00
24 37.9096 118.7302 3 20 8
2  45.0 45.0 0.00
25 8.3491 96.1055 7 21 9
2  45.0 45.0 0.00
26 35.4549 99.2612 9 21 5
2  45.0 45.0 0.00
27 38.0661 105.7634 6 19 5
2  45.0 45.0 0.00
28 33.2239 128.6623 7 25 6
2  45.0 45.0 0.00
29 14.6461 90.6898 6 15 8
2  45.0 45.0 0.00
30 35.2222 125.9485 9 17 8
2  45.0 45.0 0.00
31 31.5891 88.9875 6 27 5
2  45.0 45.0 0.00
32 15.9765 111.0004 6 25 6
2  45.0 45.0 0.00
33 51.3387 91.9538 3 26 7
2  45.0 45.0 0.00
34 46.2881 96.2054 8 21 9
2  45.0 45.0 0.00
35 41.5243 78.0250 7 17 5
2  45.0 45.0 0.00
36 43.6076 94.6191 5 25 9
2  45.0 45.0 0.00
37 41.3311 88.0362 3 25 7
2  45.0 45.0 0.00
38 24.7432 115.5006 10 19 7
2  45.0 45.0 0.00
39 51.5569 85.0535 5 19 9
2  45.0 45.0 0.00
40 48.8512 104.6095 6 22 9
2  45.0 45.0 0.00
41 15.8844 101.4359 1 18 5
2  45.0 45.0 0.00
42 27.4016 79.2499 8 25 7
2  45.0 45.0 0.00
43 47.9606 128.8237 7 26 5
2  45.0 45.0 0.00
44 38.8086 111.2940 5 19 7
2  45.0 45.0 0.00
45 10.8710 79.1966 4 27 7
2  45.0 45.0 0.00
46 31.4798 120.7381 7 18 7
2  45.0 45.0 0.00
47 17.2663 125.5176 6 26 9
2  45.0 45.0 0.00
48 17.6346 132.5850 10 23 8
2  45.0 45.0 0.00
49 19.5349 131.7739 5 25 9
2  45.0 45.0 0.00
50 5.0372 100.7328 6 16 7
2  45.0 45.0 0.00
51 16.9396 87.3961 9 28 8
2  45.0 45.0 0.00
52 10.7206 109.6252 9 26 7
2  45.0 45.0 0.00
53 37.6198 126.2764 2 17 5
2  45.0 45.0 0.00
54 4.1959 84.4986 5 26 5
2  45.0 45.0 0.00
55 39.1544 77.2110 2 23 5
2  45.0 45.0 0.00
56 11.8927 95.8318 1 15 9
2  45.0 45.0 0.00
57 8.3691 112.8666 7 26 8
2  45.0 45.0 0.00
58 5.2695 131.1982 3 16 5
2  45.0 45.0 0.00
59 37.1135 86.8961 9 17 7
2  45.0 45.0 0.00
60 25.1379 120.5077 8 25 7
2  45.0 45.0 0.00
61 45.4550 114.1214 6 29 6
2  45.0 45.0 0.00
62 13.4304 113.2946 2 26 8
2  45.0 45.0 0.00
63 41.6940 108.7546 7 26 8
2  45.0 45.0 0.00
64 4.3977 80.8250 1 22 8
2  45.0 45.0 0.00
65 5.6974 77.5132 4 25 6
2  45.0 45.0 0.00
66 27.5743 128.5992 6 15 6
2  45.0 45.0 0.00
67 22.3029 114.6417 6 23 7
2  45.0 45.0 0.00
68 24.1012 115.8684 8 22 7
2  45.0 45.0 0.00
69 21.6907 83.3399 1 22 7
2  45.0 45.0 0.00
70 7.3181 98.9107 1 20 7
2  45.0 45.0 0.00
71 18.6171 90.5964 8 28 5
2  45.0 45.0 0.00
72 41.6940 73.0858 5 23 8
2  45.0 45.0 0.00
73 17.0978 110.7258 7 22 5
2  45.0 45.0 0.00
74 6.9926 74.1814 4 20 9
2  45.0 45.0 0.00
75 18.6740 111.2149 7 29 8
2  45.0 45.0 0.00
76 47.0809 107.1972 10 19 6
2  45.0 45.0 0.00
77 5.9821 106.7979 5 24 7
2  45.0 45.0 0.00
78 7.6392 120.8843 3 22 9
2  45.0 45.0 0.00
79 24.0297 80.4665 1 26 9
2  45.0 45.0 0.00
80 40.2525 115.1656 8 21 5
2  45.0 45.0 0.00
81 6.3335 78.0050 10 20 8
2  45.0 45.0 0.00
82 36.7713 94.3198 5 17 5
2  45.0 45.0 0.00
83 13.1964 116.1634 6 19 6
2  45.0 45.0 0.00
84 38.9329 74.5533 6 28 8
2  45.0 45.0 0.00
85 17.0890 103.9868 3 20 9
2  45.0 45.0 0.00
86 12.4519 126.7020 3 15 9
2  45.0 45.0 0.00
87 11.9428 79.4460 3 17 6
2  45.0 45.0 0.00
88 51.8113 84.0922 4 27 5
2  45.0 45.0 0.00
89 39.8727 112.3343 6 21 7
2  45.0 45.0 0.00
90 38.0603 123.8166 9 21 6
2  45.0 45.0 0.00
91 38.9581 121.5754 1 25 9
2  45.0 45.0 0.00
92 30.5112 116.7922 7 21 7
2  45.0 45.0 0.00
93 42.0197 93.4469 3 17 9
2  45.0 45.0 0.00
94 7.8247 105.0554 4 28 9
2  45.0 45.0 0.00
95 29.6893 84.9622 7 26 6
2  45.0 45.0 0.00
96 34.3104 78.6804 5 29 5
2  45.0 45.0 0.00
97 20.1047 101.7234 6 25 9
2  45.0 45.0 0.00
98 21.4633 98.8955 6 19 8
2  45.0 45.0 0.00
99 15.3178 119.2002 9 19 9
2  45.0 45.0 0.00
