0 165.9842 -24.6102 1 5 5 1
2  45.0 45.0 0.00
1 -174.4744 -54.2345 7 5 5 1
2  45.0 45.0 0.00
2 -147.3494 32.4966 5 5 5 1
2  45.0 45.0 0.00
3 -66.06 -8.6249 9 5 5 1
2  45.0 45.0 0.00
4 -115.8216 -63.8777 2 5 5 1
2  45.0 45.0 0.00
5 168.8007 45.2482 2 5 5 1
2  45.0 45.0 0.00
6 104.4037 1.7054 2 5 5 1
2  45.0 45.0 0.00
7 23.7248 10.8798 9 5 5 1
2  45.0 45.0 0.00
8 -44.7966 41.6593 7 5 5 1
2  45.0 45.0 0.00
9 141.9357 24.1769 2 5 5 1
2  45.0 45.0 0.00
10 -31.7376 -45.3642 4 5 5 1
2  45.0 45.0 0.00
11 -138.2872 -29.6972 5 5 5 1
2  45.0 45.0 0.00
12 -10.9539 12.5245 4 5 5 1
2  45.0 45.0 0.00
13 -158.1179 -36.4581 4 5 5 1
2  45.0 45.0 0.00
14 108.4634 9.4714 6 5 5 1
2  45.0 45.0 0.00
15 -84.4621 -44.6273 2 5 5 1
2  45.0 45.0 0.00
16 173.6345 -54.1812 2 5 5 1
2  45.0 45.0 0.00
17 73.4487 33.1534 5 5 5 1
2  45.0 45.0 0.00
18 -48.6389 -4.0921 6 5 5 1
2  45.0 45.0 0.00
19 -108.8533 57.4833 5 5 5 1
2  45.0 45.0 0.00
20 172.5648 -41.8472 3 5 5 1
2  45.0 45.0 0.00
21 25.0481 -50.7058 6 5 5 1
2  45.0 45.0 0.00
22 -87.3323 30.6993 6 5 5 1
2  45.0 45.0 0.00
23 3.2372 43.2367 4 5 5 1
2  45.0 45.0 0.00
24 37.0408 32.6178 1 5 5 1
2  45.0 45.0 0.00
25 -63.856 60.9551 4 5 5 1
2  45.0 45.0 0.00
26 41.5271 62.7902 8 5 5 1
2  45.0 45.0 0.00
27 42.8685 25.5741 7 5 5 1
2  45.0 45.0 0.00
28 76.1135 15.8655 3 5 5 1
2  45.0 45.0 0.00
29 -20.8288 -43.4612 6 5 5 1
2  45.0 45.0 0.00
30 -9.2139 -10.4401 1 5 5 1
2  45.0 45.0 0.00
31 -55.4762 57.1479 2 5 5 1
2  45.0 45.0 0.00
32 -45.1442 5.2645 8 5 5 1
2  45.0 45.0 0.00
33 51.301 -11.9534 3 5 5 1
2  45.0 45.0 0.00
34 -12.0687 4.8845 5 5 5 1
2  45.0 45.0 0.00
35 -19.5393 -52.7097 6 5 5 1
2  45.0 45.0 0.00
36 97.6287 -38.6319 2 5 5 1
2  45.0 45.0 0.00
37 175.9333 26.8075 3 5 5 1
2  45.0 45.0 0.00
38 -118.4384 32.6869 4 5 5 1
2  45.0 45.0 0.00
39 60.1911 3.8733 4 5 5 1
2  45.0 45.0 0.00
40 -26.002 -15.1758 6 5 5 1
2  45.0 45.0 0.00
41 -117.398 -60.6956 8 5 5 1
2  45.0 45.0 0.00
42 170.9265 15.0511 6 5 5 1
2  45.0 45.0 0.00
43 20.7195 -35.9366 2 5 5 1
2  45.0 45.0 0.00
44 79.0736 -19.5631 1 5 5 1
2  45.0 45.0 0.00
45 104.3015 -52.6701 3 5 5 1
2  45.0 45.0 0.00
46 -26.8569 63.9706 4 5 5 1
2  45.0 45.0 0.00
47 126.5788 53.6771 3 5 5 1
2  45.0 45.0 0.00
48 64.2973 -45.9858 5 5 5 1
2  45.0 45.0 0.00
49 -49.6903 -12.3937 7 5 5 1
2  45.0 45.0 0.00
50 150.3694 7.9227 1 5 5 1
2  45.0 45.0 0.00
51 176.8788 26.1702 9 5 5 1
2  45.0 45.0 0.00
52 -1.3551 21.3313 5 5 5 1
2  45.0 45.0 0.00
53 82.5461 49.7234 1 5 5 1
2  45.0 45.0 0.00
54 -113.9734 56.7062 3 5 5 1
2  45.0 45.0 0.00
55 106.7487 50.5266 3 5 5 1
2  45.0 45.0 0.00
56 -87.765 -38.0848 7 5 5 1
2  45.0 45.0 0.00
57 3.6582 53.2913 1 5 5 1
2  45.0 45.0 0.00
58 108.8283 -36.8122 4 5 5 1
2  45.0 45.0 0.00
59 134.2749 57.7197 1 5 5 1
2  45.0 45.0 0.00
60 -127.677 64.1787 2 5 5 1
2  45.0 45.0 0.00
61 64.5733 1.4109 7 5 5 1
2  45.0 45.0 0.00
62 -79.5194 25.8344 8 5 5 1
2  45.0 45.0 0.00
63 -86.9507 33.0897 5 5 5 1
2  45.0 45.0 0.00
64 -163.3927 38.0691 1 5 5 1
2  45.0 45.0 0.00
65 -152.463 51.9942 4 5 5 1
2  45.0 45.0 0.00
66 174.3349 -8.3421 5 5 5 1
2  45.0 45.0 0.00
67 137.3268 -31.7761 6 5 5 1
2  45.0 45.0 0.00
68 -46.5491 4.9468 7 5 5 1
2  45.0 45.0 0.00
69 90.5265 37.7797 7 5 5 1
2  45.0 45.0 0.00
70 -8.8003 30.0899 3 5 5 1
2  45.0 45.0 0.00
71 -156.8758 -63.1107 9 5 5 1
2  45.0 45.0 0.00
72 -30.9884 54.2878 3 5 5 1
2  45.0 45.0 0.00
73 -50.2405 -48.257 8 5 5 1
2  45.0 45.0 0.00
74 74.6037 33.2275 8 5 5 1
2  45.0 45.0 0.00
75 23.0603 63.7126 7 5 5 1
2  45.0 45.0 0.00
76 -143.9341 -44.7525 7 5 5 1
2  45.0 45.0 0.00
77 -153.3294 -34.1248 8 5 5 1
2  45.0 45.0 0.00
78 -126.9876 -8.3376 6 5 5 1
2  45.0 45.0 0.00
79 -118.5542 31.858 4 5 5 1
2  45.0 45.0 0.00
80 -92.6385 -52.7791 5 5 5 1
2  45.0 45.0 0.00
81 -148.2936 10.642 7 5 5 1
2  45.0 45.0 0.00
82 -14.149 64.6424 7 5 5 1
2  45.0 45.0 0.00
83 -7.9041 19.9343 1 5 5 1
2  45.0 45.0 0.00
84 119.1057 6.2784 4 5 5 1
2  45.0 45.0 0.00
85 24.6309 -42.1677 9 5 5 1
2  45.0 45.0 0.00
86 16.6824 17.6964 7 5 5 1
2  45.0 45.0 0.00
87 -136.034 12.9209 8 5 5 1
2  45.0 45.0 0.00
88 102.2111 -40.6481 5 5 5 1
2  45.0 45.0 0.00
89 172.7088 -12.3003 3 5 5 1
2  45.0 45.0 0.00
90 -10.8287 7.9836 1 5 5 1
2  45.0 45.0 0.00
91 -31.9051 -55.9455 4 5 5 1
2  45.0 45.0 0.00
92 20.3263 -27.8031 5 5 5 1
2  45.0 45.0 0.00
93 87.2066 9.5092 1 5 5 1
2  45.0 45.0 0.00
94 -127.9653 -32.3125 6 5 5 1
2  45.0 45.0 0.00
95 90.9575 -56.039 9 5 5 1
2  45.0 45.0 0.00
96 -8.3089 0.209 5 5 5 1
2  45.0 45.0 0.00
97 166.6434 35.5671 2 5 5 1
2  45.0 45.0 0.00
98 -16.5341 3.3664 8 5 5 1
2  45.0 45.0 0.00
99 -19.9547 -56.0064 6 5 5 1
2  45.0 45.0 0.00
100 97.4202 -33.3136 9 5 5 1
2  45.0 45.0 0.00
101 -67.3823 35.0907 6 5 5 1
2  45.0 45.0 0.00
102 -126.0753 41.015 5 5 5 1
2  45.0 45.0 0.00
103 105.2953 -15.4482 8 5 5 1
2  45.0 45.0 0.00
104 19.402 17.6192 4 5 5 1
2  45.0 45.0 0.00
105 -53.0147 49.7402 2 5 5 1
2  45.0 45.0 0.00
106 141.5757 -12.6078 4 5 5 1
2  45.0 45.0 0.00
107 148.7146 43.8697 2 5 5 1
2  45.0 45.0 0.00
108 -55.081 7.0722 6 5 5 1
2  45.0 45.0 0.00
109 -107.9164 46.1594 7 5 5 1
2  45.0 45.0 0.00
110 7.7894 14.9276 9 5 5 1
2  45.0 45.0 0.00
111 87.6563 -56.85 5 5 5 1
2  45.0 45.0 0.00
112 -58.2793 -50.84 9 5 5 1
2  45.0 45.0 0.00
113 116.407 -56.1977 1 5 5 1
2  45.0 45.0 0.00
114 127.4195 -52.4326 4 5 5 1
2  45.0 45.0 0.00
115 -83.3391 -19.8144 1 5 5 1
2  45.0 45.0 0.00
116 82.3166 34.6235 2 5 5 1
2  45.0 45.0 0.00
117 10.9173 -36.7325 3 5 5 1
2  45.0 45.0 0.00
118 133.495 3.735 7 5 5 1
2  45.0 45.0 0.00
119 -169.7852 -46.5399 7 5 5 1
2  45.0 45.0 0.00
120 -54.2184 40.6776 7 5 5 1
2  45.0 45.0 0.00
121 -64.9178 -44.1329 9 5 5 1
2  45.0 45.0 0.00
122 -44.0591 -43.2601 9 5 5 1
2  45.0 45.0 0.00
123 84.5817 27.8336 8 5 5 1
2  45.0 45.0 0.00
124 43.6746 7.3365 4 5 5 1
2  45.0 45.0 0.00
125 -119.0806 -36.448 3 5 5 1
2  45.0 45.0 0.00
126 -85.2242 -64.9624 5 5 5 1
2  45.0 45.0 0.00
127 95.0453 57.2112 9 5 5 1
2  45.0 45.0 0.00
128 141.9281 -50.0084 1 5 5 1
2  45.0 45.0 0.00
129 -46.2541 -50.0586 8 5 5 1
2  45.0 45.0 0.00
130 -106.3628 -37.9537 3 5 5 1
2  45.0 45.0 0.00
131 -52.8319 29.5407 6 5 5 1
2  45.0 45.0 0.00
132 70.7671 -6.5366 8 5 5 1
2  45.0 45.0 0.00
133 167.3076 -14.7652 2 5 5 1
2  45.0 45.0 0.00
134 -66.7723 23.4238 2 5 5 1
2  45.0 45.0 0.00
135 -89.8133 -22.9977 2 5 5 1
2  45.0 45.0 0.00
136 -1.5403 -44.7144 8 5 5 1
2  45.0 45.0 0.00
137 48.9087 30.8721 1 5 5 1
2  45.0 45.0 0.00
138 140.4391 5.5212 1 5 5 1
2  45.0 45.0 0.00
139 116.7822 -45.3115 4 5 5 1
2  45.0 45.0 0.00
140 -121.3139 -58.4628 4 5 5 1
2  45.0 45.0 0.00
141 80.9621 17.1163 9 5 5 1
2  45.0 45.0 0.00
142 114.1346 -22.8785 4 5 5 1
2  45.0 45.0 0.00
143 169.8012 1.7978 8 5 5 1
2  45.0 45.0 0.00
144 -2.0377 -9.7247 8 5 5 1
2  45.0 45.0 0.00
145 58.7863 -55.4277 8 5 5 1
2  45.0 45.0 0.00
146 27.142 47.4032 4 5 5 1
2  45.0 45.0 0.00
147 -162.4414 20.938 7 5 5 1
2  45.0 45.0 0.00
148 -163.1311 1.5211 5 5 5 1
2  45.0 45.0 0.00
149 170.4766 -17.5837 1 5 5 1
2  45.0 45.0 0.00
150 16.3699 -40.0976 7 5 5 1
2  45.0 45.0 0.00
151 59.7993 -52.0598 4 5 5 1
2  45.0 45.0 0.00
152 -128.7678 6.8013 1 5 5 1
2  45.0 45.0 0.00
153 106.6907 59.8419 4 5 5 1
2  45.0 45.0 0.00
154 -127.5677 13.7113 3 5 5 1
2  45.0 45.0 0.00
155 83.4171 -8.1423 6 5 5 1
2  45.0 45.0 0.00
156 52.8582 -25.1936 4 5 5 1
2  45.0 45.0 0.00
157 57.0016 34.4923 4 5 5 1
2  45.0 45.0 0.00
158 -76.8619 -24.3502 7 5 5 1
2  45.0 45.0 0.00
159 -66.7271 -33.1052 9 5 5 1
2  45.0 45.0 0.00
160 168.2699 37.4042 1 5 5 1
2  45.0 45.0 0.00
161 -64.4403 0.8011 4 5 5 1
2  45.0 45.0 0.00
162 -48.8956 -42.0973 4 5 5 1
2  45.0 45.0 0.00
163 -131.4918 -2.3036 3 5 5 1
2  45.0 45.0 0.00
164 92.9252 -2.5067 7 5 5 1
2  45.0 45.0 0.00
165 80.2138 -34.3438 3 5 5 1
2  45.0 45.0 0.00
166 -179.0633 9.768 7 5 5 1
2  45.0 45.0 0.00
167 -14.3036 -22.8576 3 5 5 1
2  45.0 45.0 0.00
168 -70.7389 -37.5672 5 5 5 1
2  45.0 45.0 0.00
169 -0.8656 15.4595 1 5 5 1
2  45.0 45.0 0.00
170 74.556 -3.149 1 5 5 1
2  45.0 45.0 0.00
171 59.6116 -34.9063 6 5 5 1
2  45.0 45.0 0.00
172 3.3998 -26.5333 7 5 5 1
2  45.0 45.0 0.00
173 95.1493 -0.6554 3 5 5 1
2  45.0 45.0 0.00
174 -139.3694 6.6521 2 5 5 1
2  45.0 45.0 0.00
175 71.1571 26.6333 8 5 5 1
2  45.0 45.0 0.00
176 39.9375 -38.4713 5 5 5 1
2  45.0 45.0 0.00
177 72.3571 -63.7994 5 5 5 1
2  45.0 45.0 0.00
178 173.0998 56.1832 9 5 5 1
2  45.0 45.0 0.00
179 -171.8512 -32.6938 7 5 5 1
2  45.0 45.0 0.00
180 133.2726 55.1387 8 5 5 1
2  45.0 45.0 0.00
181 19.7202 62.7912 7 5 5 1
2  45.0 45.0 0.00
182 17.5247 22.5416 4 5 5 1
2  45.0 45.0 0.00
183 23.6636 -59.8447 2 5 5 1
2  45.0 45.0 0.00
184 107.6536 64.0739 1 5 5 1
2  45.0 45.0 0.00
185 -173.3268 39.1761 1 5 5 1
2  45.0 45.0 0.00
186 -125.1017 25.2543 2 5 5 1
2  45.0 45.0 0.00
187 -53.7444 -40.569 4 5 5 1
2  45.0 45.0 0.00
188 -8.0484 12.1705 4 5 5 1
2  45.0 45.0 0.00
189 -74.0671 -7.4763 2 5 5 1
2  45.0 45.0 0.00
190 19.9641 58.8795 1 5 5 1
2  45.0 45.0 0.00
191 168.508 10.9767 3 5 5 1
2  45.0 45.0 0.00
192 1.3716 37.4054 1 5 5 1
2  45.0 45.0 0.00
193 123.5276 61.0536 9 5 5 1
2  45.0 45.0 0.00
194 -167.4735 -34.9409 6 5 5 1
2  45.0 45.0 0.00
195 -113.4229 -10.6803 6 5 5 1
2  45.0 45.0 0.00
196 131.0474 26.0569 4 5 5 1
2  45.0 45.0 0.00
197 -19.083 -31.4184 3 5 5 1
2  45.0 45.0 0.00
198 -83.8018 37.2552 2 5 5 1
2  45.0 45.0 0.00
199 -47.4451 -20.5262 2 5 5 1
2  45.0 45.0 0.00
200 105.5091 10.9377 6 5 5 1
2  45.0 45.0 0.00
201 135.9041 -14.5238 7 5 5 1
2  45.0 45.0 0.00
202 145.5071 17.2491 1 5 5 1
2  45.0 45.0 0.00
203 -25.6923 12.888 7 5 5 1
2  45.0 45.0 0.00
204 -170.7483 -31.914 4 5 5 1
2  45.0 45.0 0.00
205 179.2546 57.7987 8 5 5 1
2  45.0 45.0 0.00
206 -96.8337 15.8093 3 5 5 1
2  45.0 45.0 0.00
207 60.6529 53.3689 4 5 5 1
2  45.0 45.0 0.00
208 53.9057 35.2661 9 5 5 1
2  45.0 45.0 0.00
209 -89.4549 -50.9423 5 5 5 1
2  45.0 45.0 0.00
210 153.1601 61.8888 3 5 5 1
2  45.0 45.0 0.00
211 22.4726 35.4403 5 5 5 1
2  45.0 45.0 0.00
212 30.7321 0.9084 6 5 5 1
2  45.0 45.0 0.00
213 57.4928 56.6022 7 5 5 1
2  45.0 45.0 0.00
214 -71.2259 54.903 9 5 5 1
2  45.0 45.0 0.00
215 -124.4208 -45.8397 3 5 5 1
2  45.0 45.0 0.00
216 -130.9075 64.0515 4 5 5 1
2  45.0 45.0 0.00
217 34.7617 31.7537 3 5 5 1
2  45.0 45.0 0.00
218 -163.7348 8.1671 8 5 5 1
2  45.0 45.0 0.00
219 -131.1812 -9.5984 8 5 5 1
2  45.0 45.0 0.00
220 -112.7251 -50.998 4 5 5 1
2  45.0 45.0 0.00
221 -88.0265 -33.1397 3 5 5 1
2  45.0 45.0 0.00
222 64.4501 -26.3627 9 5 5 1
2  45.0 45.0 0.00
223 -61.3741 -49.0923 4 5 5 1
2  45.0 45.0 0.00
224 -81.5523 -24.8274 4 5 5 1
2  45.0 45.0 0.00
225 6.3545 41.7044 7 5 5 1
2  45.0 45.0 0.00
226 137.5974 59.0067 8 5 5 1
2  45.0 45.0 0.00
227 74.0065 -33.2181 9 5 5 1
2  45.0 45.0 0.00
228 0.6756 35.3788 4 5 5 1
2  45.0 45.0 0.00
229 -73.2162 -12.9832 5 5 5 1
2  45.0 45.0 0.00
230 139.0861 -43.6018 2 5 5 1
2  45.0 45.0 0.00
231 -75.9324 -59.9676 7 5 5 1
2  45.0 45.0 0.00
232 162.5271 36.5928 3 5 5 1
2  45.0 45.0 0.00
233 -112.9407 -46.3852 3 5 5 1
2  45.0 45.0 0.00
234 -72.8863 -34.0525 4 5 5 1
2  45.0 45.0 0.00
235 114.1864 57.2921 7 5 5 1
2  45.0 45.0 0.00
236 -21.2198 27.1987 9 5 5 1
2  45.0 45.0 0.00
237 34.9207 21.4062 5 5 5 1
2  45.0 45.0 0.00
238 104.5628 -43.344 1 5 5 1
2  45.0 45.0 0.00
239 -98.9082 -64.5271 9 5 5 1
2  45.0 45.0 0.00
240 26.6999 19.9069 5 5 5 1
2  45.0 45.0 0.00
241 -24.5196 -24.771 8 5 5 1
2  45.0 45.0 0.00
242 54.5138 -16.0584 2 5 5 1
2  45.0 45.0 0.00
243 51.8995 -47.4083 4 5 5 1
2  45.0 45.0 0.00
244 -73.5823 -0.8087 8 5 5 1
2  45.0 45.0 0.00
245 -36.9003 -30.203 3 5 5 1
2  45.0 45.0 0.00
246 38.123 -64.9975 8 5 5 1
2  45.0 45.0 0.00
247 -36.6261 55.8872 9 5 5 1
2  45.0 45.0 0.00
248 -28.4025 -4.9496 1 5 5 1
2  45.0 45.0 0.00
249 -130.5319 -44.1481 1 5 5 1
2  45.0 45.0 0.00
250 117.2762 5.4852 9 5 5 1
2  45.0 45.0 0.00
251 13.6481 -26.517 5 5 5 1
2  45.0 45.0 0.00
252 12.8903 -57.3777 6 5 5 1
2  45.0 45.0 0.00
253 73.6286 12.1526 9 5 5 1
2  45.0 45.0 0.00
254 94.0253 -42.4812 6 5 5 1
2  45.0 45.0 0.00
255 24.3572 -27.6601 3 5 5 1
2  45.0 45.0 0.00
256 19.2211 0.6863 1 5 5 1
2  45.0 45.0 0.00
257 2.8194 -7.7244 9 5 5 1
2  45.0 45.0 0.00
258 -52.5648 19.47 9 5 5 1
2  45.0 45.0 0.00
259 -159.9413 43.0249 4 5 5 1
2  45.0 45.0 0.00
260 86.2035 -59.0023 6 5 5 1
2  45.0 45.0 0.00
261 -173.6522 44.6829 9 5 5 1
2  45.0 45.0 0.00
262 -170.9932 9.4877 8 5 5 1
2  45.0 45.0 0.00
263 97.8601 -10.874 4 5 5 1
2  45.0 45.0 0.00
264 104.2622 -21.9848 5 5 5 1
2  45.0 45.0 0.00
265 121.6032 -8.3789 5 5 5 1
2  45.0 45.0 0.00
266 -136.0158 -28.6334 5 5 5 1
2  45.0 45.0 0.00
267 -125.2902 48.8093 2 5 5 1
2  45.0 45.0 0.00
268 -159.8226 -61.5118 2 5 5 1
2  45.0 45.0 0.00
269 149.8342 35.9692 7 5 5 1
2  45.0 45.0 0.00
270 -10.5167 14.0956 9 5 5 1
2  45.0 45.0 0.00
271 177.4435 52.4061 7 5 5 1
2  45.0 45.0 0.00
272 65.8275 -43.2624 2 5 5 1
2  45.0 45.0 0.00
273 -103.95 58.9826 9 5 5 1
2  45.0 45.0 0.00
274 87.6705 56.8104 2 5 5 1
2  45.0 45.0 0.00
275 117.1597 -8.0098 8 5 5 1
2  45.0 45.0 0.00
276 -15.3795 -44.3732 9 5 5 1
2  45.0 45.0 0.00
277 103.7065 -20.0001 1 5 5 1
2  45.0 45.0 0.00
278 -64.0565 -56.7564 2 5 5 1
2  45.0 45.0 0.00
279 -122.8645 16.4177 7 5 5 1
2  45.0 45.0 0.00
280 -50.2274 -2.1581 5 5 5 1
2  45.0 45.0 0.00
281 86.2773 -42.2944 4 5 5 1
2  45.0 45.0 0.00
282 23.3557 47.8312 2 5 5 1
2  45.0 45.0 0.00
283 84.7362 48.1027 2 5 5 1
2  45.0 45.0 0.00
284 -146.8047 0.3086 6 5 5 1
2  45.0 45.0 0.00
285 127.462 15.9732 6 5 5 1
2  45.0 45.0 0.00
286 -60.4737 22.4576 5 5 5 1
2  45.0 45.0 0.00
287 41.9584 41.9181 3 5 5 1
2  45.0 45.0 0.00
288 93.0291 37.8737 7 5 5 1
2  45.0 45.0 0.00
289 7.4145 52.5448 2 5 5 1
2  45.0 45.0 0.00
290 119.8456 -48.9416 9 5 5 1
2  45.0 45.0 0.00
291 -94.1986 -47.6421 2 5 5 1
2  45.0 45.0 0.00
292 115.5877 -37.1406 4 5 5 1
2  45.0 45.0 0.00
293 -32.9851 23.7494 6 5 5 1
2  45.0 45.0 0.00
294 -76.1436 -23.8134 2 5 5 1
2  45.0 45.0 0.00
295 141.8774 -36.5229 8 5 5 1
2  45.0 45.0 0.00
296 26.7718 29.7363 3 5 5 1
2  45.0 45.0 0.00
297 -36.3705 43.5568 9 5 5 1
2  45.0 45.0 0.00
298 -126.0203 1.0512 3 5 5 1
2  45.0 45.0 0.00
299 -136.3338 22.5605 9 5 5 1
2  45.0 45.0 0.00
300 -173.2751 -33.7391 8 5 5 1
2  45.0 45.0 0.00
301 -29.9539 -21.0657 7 5 5 1
2  45.0 45.0 0.00
302 -80.9295 -54.6604 7 5 5 1
2  45.0 45.0 0.00
303 103.5125 -8.1654 5 5 5 1
2  45.0 45.0 0.00
304 -178.0264 -37.4211 4 5 5 1
2  45.0 45.0 0.00
305 -165.053 -39.2511 2 5 5 1
2  45.0 45.0 0.00
306 147.3912 41.9589 6 5 5 1
2  45.0 45.0 0.00
307 -155.3694 26.4093 1 5 5 1
2  45.0 45.0 0.00
308 55.7409 5.8861 6 5 5 1
2  45.0 45.0 0.00
309 -14.6336 -48.3315 6 5 5 1
2  45.0 45.0 0.00
310 -97.2931 -55.5092 2 5 5 1
2  45.0 45.0 0.00
311 35.6684 -4.5635 6 5 5 1
2  45.0 45.0 0.00
312 62.461 16.0124 9 5 5 1
2  45.0 45.0 0.00
313 -10.9933 59.1692 4 5 5 1
2  45.0 45.0 0.00
314 130.0136 37.9644 4 5 5 1
2  45.0 45.0 0.00
315 73.6277 -27.8345 6 5 5 1
2  45.0 45.0 0.00
316 90.5248 -30.9676 1 5 5 1
2  45.0 45.0 0.00
317 -171.7982 -55.3619 3 5 5 1
2  45.0 45.0 0.00
318 -37.6698 48.1221 5 5 5 1
2  45.0 45.0 0.00
319 151.783 -7.1211 6 5 5 1
2  45.0 45.0 0.00
320 112.4017 -42.9174 6 5 5 1
2  45.0 45.0 0.00
321 -94.1374 -58.6939 7 5 5 1
2  45.0 45.0 0.00
322 -46.7571 -55.4489 1 5 5 1
2  45.0 45.0 0.00
323 -70.0333 32.871 5 5 5 1
2  45.0 45.0 0.00
324 127.0723 13.3306 8 5 5 1
2  45.0 45.0 0.00
325 -37.9651 3.4888 8 5 5 1
2  45.0 45.0 0.00
326 160.464 2.8794 8 5 5 1
2  45.0 45.0 0.00
327 113.424 -19.6883 3 5 5 1
2  45.0 45.0 0.00
328 17.7249 17.4573 2 5 5 1
2  45.0 45.0 0.00
329 66.1654 34.6223 7 5 5 1
2  45.0 45.0 0.00
330 -93.6281 30.5654 9 5 5 1
2  45.0 45.0 0.00
331 -36.7116 39.7264 4 5 5 1
2  45.0 45.0 0.00
332 -60.8499 21.7825 8 5 5 1
2  45.0 45.0 0.00
333 116.7885 -46.9972 3 5 5 1
2  45.0 45.0 0.00
334 -46.7513 -26.9799 6 5 5 1
2  45.0 45.0 0.00
335 -112.7369 -55.1283 2 5 5 1
2  45.0 45.0 0.00
336 -175.7305 -29.1713 4 5 5 1
2  45.0 45.0 0.00
337 -26.4147 -21.9741 3 5 5 1
2  45.0 45.0 0.00
338 -63.6851 -31.6002 7 5 5 1
2  45.0 45.0 0.00
339 6.1421 42.0081 2 5 5 1
2  45.0 45.0 0.00
340 -0.284 56.7814 3 5 5 1
2  45.0 45.0 0.00
341 -107.3785 -41.0396 9 5 5 1
2  45.0 45.0 0.00
342 -155.7316 26.3332 7 5 5 1
2  45.0 45.0 0.00
343 -96.6795 4.5176 9 5 5 1
2  45.0 45.0 0.00
344 -136.7841 41.5784 1 5 5 1
2  45.0 45.0 0.00
345 174.0167 37.7973 5 5 5 1
2  45.0 45.0 0.00
346 167.6546 3.9869 8 5 5 1
2  45.0 45.0 0.00
347 -73.0519 30.6146 4 5 5 1
2  45.0 45.0 0.00
348 44.6295 11.4616 1 5 5 1
2  45.0 45.0 0.00
349 39.7301 18.1711 7 5 5 1
2  45.0 45.0 0.00
350 78.3 31.0452 4 5 5 1
2  45.0 45.0 0.00
351 -117.1832 11.6364 8 5 5 1
2  45.0 45.0 0.00
352 164.8975 -53.4841 2 5 5 1
2  45.0 45.0 0.00
353 -127.1713 -41.2983 7 5 5 1
2  45.0 45.0 0.00
354 -115.1749 61.1607 9 5 5 1
2  45.0 45.0 0.00
355 102.6857 -13.7605 9 5 5 1
2  45.0 45.0 0.00
356 132.1411 -25.7382 9 5 5 1
2  45.0 45.0 0.00
357 112.2411 -14.8631 1 5 5 1
2  45.0 45.0 0.00
358 85.9372 59.3254 8 5 5 1
2  45.0 45.0 0.00
359 3.5454 -19.669 3 5 5 1
2  45.0 45.0 0.00
360 20.6957 8.2838 5 5 5 1
2  45.0 45.0 0.00
361 177.5811 -30.7543 2 5 5 1
2  45.0 45.0 0.00
362 -24.532 22.8889 5 5 5 1
2  45.0 45.0 0.00
363 -131.2669 10.2522 4 5 5 1
2  45.0 45.0 0.00
364 117.691 -9.1878 3 5 5 1
2  45.0 45.0 0.00
365 45.5391 -4.1716 6 5 5 1
2  45.0 45.0 0.00
366 -71.0137 59.1605 7 5 5 1
2  45.0 45.0 0.00
367 -129.2611 -34.527 5 5 5 1
2  45.0 45.0 0.00
368 -42.0018 -5.0135 3 5 5 1
2  45.0 45.0 0.00
369 -84.3174 -63.1232 4 5 5 1
2  45.0 45.0 0.00
370 99.267 -26.1732 5 5 5 1
2  45.0 45.0 0.00
371 -177.2457 -28.1743 9 5 5 1
2  45.0 45.0 0.00
372 -132.6191 37.0378 1 5 5 1
2  45.0 45.0 0.00
373 -86.2276 -55.466 6 5 5 1
2  45.0 45.0 0.00
374 -29.0852 -27.2487 3 5 5 1
2  45.0 45.0 0.00
375 -26.2608 -0.9122 9 5 5 1
2  45.0 45.0 0.00
376 118.4731 17.3943 7 5 5 1
2  45.0 45.0 0.00
377 35.551 34.5188 1 5 5 1
2  45.0 45.0 0.00
378 -94.7169 1.7232 7 5 5 1
2  45.0 45.0 0.00
379 98.0219 7.4954 9 5 5 1
2  45.0 45.0 0.00
380 -48.7012 -8.6675 8 5 5 1
2  45.0 45.0 0.00
381 -82.809 -57.4176 5 5 5 1
2  45.0 45.0 0.00
382 63.4515 61.5935 8 5 5 1
2  45.0 45.0 0.00
383 112.8114 -40.1045 3 5 5 1
2  45.0 45.0 0.00
384 -31.1771 11.1692 8 5 5 1
2  45.0 45.0 0.00
385 147.841 -38.7976 3 5 5 1
2  45.0 45.0 0.00
386 -162.8817 -45.2124 7 5 5 1
2  45.0 45.0 0.00
387 0.6378 -26.6585 3 5 5 1
2  45.0 45.0 0.00
388 -100.7722 40.0499 8 5 5 1
2  45.0 45.0 0.00
389 -22.5369 -55.0026 3 5 5 1
2  45.0 45.0 0.00
390 -76.5396 -45.0577 8 5 5 1
2  45.0 45.0 0.00
391 105.2233 -56.1883 9 5 5 1
2  45.0 45.0 0.00
392 -85.4837 42.876 9 5 5 1
2  45.0 45.0 0.00
393 165.6304 58.8434 5 5 5 1
2  45.0 45.0 0.00
394 86.4106 19.159 2 5 5 1
2  45.0 45.0 0.00
395 94.9611 50.8303 3 5 5 1
2  45.0 45.0 0.00
396 -157.612 -33.8202 7 5 5 1
2  45.0 45.0 0.00
397 94.4911 24.8269 3 5 5 1
2  45.0 45.0 0.00
398 30.0319 -54.176 5 5 5 1
2  45.0 45.0 0.00
399 -131.7456 53.4379 9 5 5 1
2  45.0 45.0 0.00
400 -146.195 -24.2621 6 5 5 1
2  45.0 45.0 0.00
401 87.7814 -8.8533 8 5 5 1
2  45.0 45.0 0.00
402 -3.6643 46.7316 5 5 5 1
2  45.0 45.0 0.00
403 -143.8984 -3.9548 6 5 5 1
2  45.0 45.0 0.00
404 36.7139 -26.2446 5 5 5 1
2  45.0 45.0 0.00
405 49.0232 -57.2974 8 5 5 1
2  45.0 45.0 0.00
406 145.4015 49.0166 2 5 5 1
2  45.0 45.0 0.00
407 -157.1329 63.428 7 5 5 1
2  45.0 45.0 0.00
408 125.3439 -32.8417 1 5 5 1
2  45.0 45.0 0.00
409 -10.3792 -58.0194 5 5 5 1
2  45.0 45.0 0.00
410 -38.4922 -12.2138 1 5 5 1
2  45.0 45.0 0.00
411 -21.6126 -44.4629 3 5 5 1
2  45.0 45.0 0.00
412 -64.1211 53.1824 8 5 5 1
2  45.0 45.0 0.00
413 66.957 45.2692 1 5 5 1
2  45.0 45.0 0.00
414 -67.8254 -29.8264 3 5 5 1
2  45.0 45.0 0.00
415 -40.7387 6.3458 2 5 5 1
2  45.0 45.0 0.00
416 -175.8335 49.6221 5 5 5 1
2  45.0 45.0 0.00
417 -80.1346 50.854 4 5 5 1
2  45.0 45.0 0.00
418 147.6303 34.6693 8 5 5 1
2  45.0 45.0 0.00
419 34.0118 -46.6494 6 5 5 1
2  45.0 45.0 0.00
420 68.2522 -12.3772 4 5 5 1
2  45.0 45.0 0.00
421 -117.0739 -49.5681 7 5 5 1
2  45.0 45.0 0.00
422 -121.828 59.8599 7 5 5 1
2  45.0 45.0 0.00
423 125.1623 22.498 8 5 5 1
2  45.0 45.0 0.00
424 104.2839 42.8297 2 5 5 1
2  45.0 45.0 0.00
425 -15.9005 17.4872 4 5 5 1
2  45.0 45.0 0.00
426 115.8695 -3.8644 6 5 5 1
2  45.0 45.0 0.00
427 151.467 -22.0087 3 5 5 1
2  45.0 45.0 0.00
428 -85.1642 -31.1821 2 5 5 1
2  45.0 45.0 0.00
429 -111.1168 -48.7838 4 5 5 1
2  45.0 45.0 0.00
430 23.8988 -17.9744 3 5 5 1
2  45.0 45.0 0.00
431 -156.1311 62.5324 3 5 5 1
2  45.0 45.0 0.00
432 38.9651 -40.1727 4 5 5 1
2  45.0 45.0 0.00
433 -98.7505 43.169 5 5 5 1
2  45.0 45.0 0.00
434 48.3478 13.437 4 5 5 1
2  45.0 45.0 0.00
435 121.9243 -13.4201 6 5 5 1
2  45.0 45.0 0.00
436 92.2748 62.7087 7 5 5 1
2  45.0 45.0 0.00
437 -101.6238 -7.9811 3 5 5 1
2  45.0 45.0 0.00
438 23.8961 15.7874 1 5 5 1
2  45.0 45.0 0.00
439 76.9752 56.9029 3 5 5 1
2  45.0 45.0 0.00
440 -144.9014 -25.8271 1 5 5 1
2  45.0 45.0 0.00
441 -117.0897 -6.0401 5 5 5 1
2  45.0 45.0 0.00
442 -88.3076 -6.619 3 5 5 1
2  45.0 45.0 0.00
443 -176.1545 -28.6667 1 5 5 1
2  45.0 45.0 0.00
444 87.8343 24.2669 8 5 5 1
2  45.0 45.0 0.00
445 23.3402 -36.299 7 5 5 1
2  45.0 45.0 0.00
446 -52.7339 -45.5077 4 5 5 1
2  45.0 45.0 0.00
447 -124.1539 61.3862 3 5 5 1
2  45.0 45.0 0.00
448 -134.4942 53.629 3 5 5 1
2  45.0 45.0 0.00
449 -21.0082 -64.3188 5 5 5 1
2  45.0 45.0 0.00
450 110.6549 39.3927 1 5 5 1
2  45.0 45.0 0.00
451 104.4492 -40.8051 1 5 5 1
2  45.0 45.0 0.00
452 54.7791 -4.8095 4 5 5 1
2  45.0 45.0 0.00
453 11.6469 13.4738 1 5 5 1
2  45.0 45.0 0.00
454 -35.0209 59.336 8 5 5 1
2  45.0 45.0 0.00
455 0.3532 -2.4011 9 5 5 1
2  45.0 45.0 0.00
456 86.6674 -16.2066 7 5 5 1
2  45.0 45.0 0.00
457 -84.5489 4.2569 2 5 5 1
2  45.0 45.0 0.00
458 148.3111 61.4395 7 5 5 1
2  45.0 45.0 0.00
459 -157.5822 53.8148 8 5 5 1
2  45.0 45.0 0.00
460 136.0202 57.607 7 5 5 1
2  45.0 45.0 0.00
461 161.0506 47.4394 7 5 5 1
2  45.0 45.0 0.00
462 -46.2637 -41.6351 3 5 5 1
2  45.0 45.0 0.00
463 -122.9758 -42.287 1 5 5 1
2  45.0 45.0 0.00
464 149.3224 20.8498 7 5 5 1
2  45.0 45.0 0.00
465 -166.1841 -10.2249 3 5 5 1
2  45.0 45.0 0.00
466 161.016 46.4632 6 5 5 1
2  45.0 45.0 0.00
467 54.9638 62.4804 2 5 5 1
2  45.0 45.0 0.00
468 72.243 -30.614 1 5 5 1
2  45.0 45.0 0.00
469 20.7023 2.1455 8 5 5 1
2  45.0 45.0 0.00
470 -74.8459 -21.2465 8 5 5 1
2  45.0 45.0 0.00
471 -143.5796 14.0789 6 5 5 1
2  45.0 45.0 0.00
472 -175.4833 53.2928 2 5 5 1
2  45.0 45.0 0.00
473 29.8832 21.2662 3 5 5 1
2  45.0 45.0 0.00
474 163.2282 57.0401 3 5 5 1
2  45.0 45.0 0.00
475 -89.9585 6.2201 1 5 5 1
2  45.0 45.0 0.00
476 5.9169 36.1386 7 5 5 1
2  45.0 45.0 0.00
477 152.2029 -55.572 4 5 5 1
2  45.0 45.0 0.00
478 -23.4632 -14.9018 5 5 5 1
2  45.0 45.0 0.00
479 157.1272 -42.3112 4 5 5 1
2  45.0 45.0 0.00
480 -152.1504 47.4622 7 5 5 1
2  45.0 45.0 0.00
481 -29.4851 -29.4686 4 5 5 1
2  45.0 45.0 0.00
482 93.3306 -57.422 9 5 5 1
2  45.0 45.0 0.00
483 -146.3935 -41.3942 3 5 5 1
2  45.0 45.0 0.00
484 -63.3795 -23.2552 5 5 5 1
2  45.0 45.0 0.00
485 10.3194 -31.5095 1 5 5 1
2  45.0 45.0 0.00
486 -133.6219 -48.0102 8 5 5 1
2  45.0 45.0 0.00
487 71.6646 11.606 5 5 5 1
2  45.0 45.0 0.00
488 -7.8131 0.8071 8 5 5 1
2  45.0 45.0 0.00
489 -51.844 64.244 3 5 5 1
2  45.0 45.0 0.00
490 130.1724 -56.8638 3 5 5 1
2  45.0 45.0 0.00
491 -9.4332 -15.4484 4 5 5 1
2  45.0 45.0 0.00
492 55.2316 5.8777 4 5 5 1
2  45.0 45.0 0.00
493 -165.5655 38.384 8 5 5 1
2  45.0 45.0 0.00
494 -37.2667 -51.5785 2 5 5 1
2  45.0 45.0 0.00
495 128.3586 57.1674 7 5 5 1
2  45.0 45.0 0.00
496 -1.0872 -31.398 1 5 5 1
2  45.0 45.0 0.00
497 -47.8343 -10.5653 3 5 5 1
2  45.0 45.0 0.00
498 116.767 -14.2642 3 5 5 1
2  45.0 45.0 0.00
499 -156.6079 12.1137 6 5 5 1
2  45.0 45.0 0.00
500 -124.3486 -21.6574 7 5 5 1
2  45.0 45.0 0.00
501 135.5467 -10.9732 2 5 5 1
2  45.0 45.0 0.00
502 22.7515 20.7782 9 5 5 1
2  45.0 45.0 0.00
503 -47.2124 -5.6679 8 5 5 1
2  45.0 45.0 0.00
504 -100.0738 32.167 2 5 5 1
2  45.0 45.0 0.00
505 43.2497 -50.6117 4 5 5 1
2  45.0 45.0 0.00
506 9.4988 -18.9075 2 5 5 1
2  45.0 45.0 0.00
507 -44.473 -18.3496 2 5 5 1
2  45.0 45.0 0.00
508 68.9361 -39.098 7 5 5 1
2  45.0 45.0 0.00
509 -130.5052 -13.8972 9 5 5 1
2  45.0 45.0 0.00
510 93.0436 6.8749 5 5 5 1
2  45.0 45.0 0.00
511 176.2463 -53.8554 5 5 5 1
2  45.0 45.0 0.00
512 -21.6687 34.4079 4 5 5 1
2  45.0 45.0 0.00
513 -35.7442 6.2261 8 5 5 1
2  45.0 45.0 0.00
514 158.5745 -49.3746 6 5 5 1
2  45.0 45.0 0.00
515 -54.1031 -59.8147 1 5 5 1
2  45.0 45.0 0.00
516 23.6169 12.2302 2 5 5 1
2  45.0 45.0 0.00
517 55.6682 41.1328 8 5 5 1
2  45.0 45.0 0.00
518 120.1918 43.0196 7 5 5 1
2  45.0 45.0 0.00
519 -110.5947 50.0783 4 5 5 1
2  45.0 45.0 0.00
520 28.06 -6.0947 5 5 5 1
2  45.0 45.0 0.00
521 100.891 60.3274 4 5 5 1
2  45.0 45.0 0.00
522 47.8649 52.2583 1 5 5 1
2  45.0 45.0 0.00
523 -133.8714 30.3446 2 5 5 1
2  45.0 45.0 0.00
524 -166.1843 -4.1965 5 5 5 1
2  45.0 45.0 0.00
525 -33.3421 -42.7579 5 5 5 1
2  45.0 45.0 0.00
526 95.3697 -1.9953 3 5 5 1
2  45.0 45.0 0.00
527 137.3673 9.382 8 5 5 1
2  45.0 45.0 0.00
528 -17.4077 28.7674 8 5 5 1
2  45.0 45.0 0.00
529 133.2652 -36.4058 2 5 5 1
2  45.0 45.0 0.00
530 32.8444 -55.9775 6 5 5 1
2  45.0 45.0 0.00
531 139.9746 31.1315 6 5 5 1
2  45.0 45.0 0.00
532 23.3901 51.1043 9 5 5 1
2  45.0 45.0 0.00
533 139.2982 42.2547 9 5 5 1
2  45.0 45.0 0.00
534 139.1579 -64.3095 6 5 5 1
2  45.0 45.0 0.00
535 24.2269 58.8324 5 5 5 1
2  45.0 45.0 0.00
536 -138.2315 -57.9316 7 5 5 1
2  45.0 45.0 0.00
537 -33.5761 14.1329 4 5 5 1
2  45.0 45.0 0.00
538 -16.7817 21.6433 4 5 5 1
2  45.0 45.0 0.00
539 113.1922 14.5158 1 5 5 1
2  45.0 45.0 0.00
540 -100.9917 33.981 2 5 5 1
2  45.0 45.0 0.00
541 -20.3978 23.5362 5 5 5 1
2  45.0 45.0 0.00
542 15.2233 -16.1005 1 5 5 1
2  45.0 45.0 0.00
543 113.7238 -48.9095 1 5 5 1
2  45.0 45.0 0.00
544 141.3084 13.1271 9 5 5 1
2  45.0 45.0 0.00
545 -8.1681 -44.7043 4 5 5 1
2  45.0 45.0 0.00
546 -7.98 22.0978 6 5 5 1
2  45.0 45.0 0.00
547 152.9177 12.0112 9 5 5 1
2  45.0 45.0 0.00
548 -64.8163 -48.012 2 5 5 1
2  45.0 45.0 0.00
549 -88.6393 -42.6008 8 5 5 1
2  45.0 45.0 0.00
550 -88.1717 -53.6619 7 5 5 1
2  45.0 45.0 0.00
551 62.1298 -44.7696 8 5 5 1
2  45.0 45.0 0.00
552 -151.1552 38.6147 8 5 5 1
2  45.0 45.0 0.00
553 8.3456 9.7538 7 5 5 1
2  45.0 45.0 0.00
554 12.7963 11.9182 8 5 5 1
2  45.0 45.0 0.00
555 -110.11 -6.8951 7 5 5 1
2  45.0 45.0 0.00
556 -173.6793 -17.119 8 5 5 1
2  45.0 45.0 0.00
557 22.5043 -56.9213 7 5 5 1
2  45.0 45.0 0.00
558 -69.0592 -37.2758 8 5 5 1
2  45.0 45.0 0.00
559 86.0504 -13.611 6 5 5 1
2  45.0 45.0 0.00
560 -36.7743 41.2136 2 5 5 1
2  45.0 45.0 0.00
561 -83.1994 -23.7287 3 5 5 1
2  45.0 45.0 0.00
562 -46.7425 -35.2155 4 5 5 1
2  45.0 45.0 0.00
563 174.95 -54.5143 7 5 5 1
2  45.0 45.0 0.00
564 144.3296 12.7622 9 5 5 1
2  45.0 45.0 0.00
565 99.9044 -9.5386 5 5 5 1
2  45.0 45.0 0.00
566 -30.4151 36.4473 8 5 5 1
2  45.0 45.0 0.00
567 146.6398 55.4435 2 5 5 1
2  45.0 45.0 0.00
568 -179.6474 63.5013 2 5 5 1
2  45.0 45.0 0.00
569 -132.2445 -1.6947 6 5 5 1
2  45.0 45.0 0.00
570 174.4777 -15.0701 8 5 5 1
2  45.0 45.0 0.00
571 172.159 -5.1867 2 5 5 1
2  45.0 45.0 0.00
572 62.2272 49.6955 1 5 5 1
2  45.0 45.0 0.00
573 -12.223 53.298 1 5 5 1
2  45.0 45.0 0.00
574 -121.6556 -4.7198 1 5 5 1
2  45.0 45.0 0.00
575 94.8621 -48.2517 9 5 5 1
2  45.0 45.0 0.00
576 -168.917 -31.5351 9 5 5 1
2  45.0 45.0 0.00
577 123.2385 4.1344 3 5 5 1
2  45.0 45.0 0.00
578 75.0246 -33.0104 9 5 5 1
2  45.0 45.0 0.00
579 -60.5643 -56.8802 4 5 5 1
2  45.0 45.0 0.00
580 -157.757 -36.081 4 5 5 1
2  45.0 45.0 0.00
581 66.7844 -63.0673 4 5 5 1
2  45.0 45.0 0.00
582 -0.4705 -29.3323 2 5 5 1
2  45.0 45.0 0.00
583 -123.6655 6.615 1 5 5 1
2  45.0 45.0 0.00
584 -46.9078 56.4372 1 5 5 1
2  45.0 45.0 0.00
585 -7.0094 -62.4779 2 5 5 1
2  45.0 45.0 0.00
586 -15.4244 -29.5286 7 5 5 1
2  45.0 45.0 0.00
587 6.1508 28.2965 5 5 5 1
2  45.0 45.0 0.00
588 157.4853 -12.7404 5 5 5 1
2  45.0 45.0 0.00
589 111.7205 19.9572 2 5 5 1
2  45.0 45.0 0.00
590 165.8749 -52.4315 7 5 5 1
2  45.0 45.0 0.00
591 147.7201 24.5597 9 5 5 1
2  45.0 45.0 0.00
592 66.6155 -61.0181 4 5 5 1
2  45.0 45.0 0.00
593 -148.5886 -4.8881 8 5 5 1
2  45.0 45.0 0.00
594 -145.6144 -59.145 9 5 5 1
2  45.0 45.0 0.00
595 -54.8593 33.2829 6 5 5 1
2  45.0 45.0 0.00
596 28.2217 60.4731 7 5 5 1
2  45.0 45.0 0.00
597 -177.7273 -61.6894 8 5 5 1
2  45.0 45.0 0.00
598 42.9388 -48.2232 1 5 5 1
2  45.0 45.0 0.00
599 -29.1962 -25.0369 9 5 5 1
2  45.0 45.0 0.00
600 134.0805 -37.5429 6 5 5 1
2  45.0 45.0 0.00
601 -54.8246 48.1915 8 5 5 1
2  45.0 45.0 0.00
602 -129.4762 -6.1232 7 5 5 1
2  45.0 45.0 0.00
603 -75.6905 -10.0953 5 5 5 1
2  45.0 45.0 0.00
604 -177.1649 -53.4976 4 5 5 1
2  45.0 45.0 0.00
605 93.1641 -34.2535 8 5 5 1
2  45.0 45.0 0.00
606 67.9647 -28.712 5 5 5 1
2  45.0 45.0 0.00
607 -178.9342 -30.2383 3 5 5 1
2  45.0 45.0 0.00
608 -64.3732 -29.4396 1 5 5 1
2  45.0 45.0 0.00
609 -174.7335 41.8852 3 5 5 1
2  45.0 45.0 0.00
610 68.6237 -4.6404 3 5 5 1
2  45.0 45.0 0.00
611 -76.3979 15.8727 9 5 5 1
2  45.0 45.0 0.00
612 -57.6026 -40.7229 5 5 5 1
2  45.0 45.0 0.00
613 -3.8948 37.5502 7 5 5 1
2  45.0 45.0 0.00
614 179.4272 -0.8418 5 5 5 1
2  45.0 45.0 0.00
615 -6.3826 58.313 2 5 5 1
2  45.0 45.0 0.00
616 -76.6469 -39.1079 3 5 5 1
2  45.0 45.0 0.00
617 -107.5566 8.1801 9 5 5 1
2  45.0 45.0 0.00
618 -77.7807 -38.9666 9 5 5 1
2  45.0 45.0 0.00
619 125.499 -10.9051 3 5 5 1
2  45.0 45.0 0.00
620 -33.0289 14.3055 1 5 5 1
2  45.0 45.0 0.00
621 -74.9498 9.5137 5 5 5 1
2  45.0 45.0 0.00
622 -32.9721 -4.732 8 5 5 1
2  45.0 45.0 0.00
623 -176.467 -1.7641 3 5 5 1
2  45.0 45.0 0.00
624 138.0947 -3.6445 7 5 5 1
2  45.0 45.0 0.00
625 -78.1763 -7.0929 2 5 5 1
2  45.0 45.0 0.00
626 156.1545 -28.3462 7 5 5 1
2  45.0 45.0 0.00
627 8.5129 -57.3516 9 5 5 1
2  45.0 45.0 0.00
628 -170.078 -55.02 5 5 5 1
2  45.0 45.0 0.00
629 -120.7514 43.671 1 5 5 1
2  45.0 45.0 0.00
630 108.8325 8.9716 5 5 5 1
2  45.0 45.0 0.00
631 40.6371 -33.2836 9 5 5 1
2  45.0 45.0 0.00
632 89.0459 -48.4697 5 5 5 1
2  45.0 45.0 0.00
633 99.2566 8.0061 1 5 5 1
2  45.0 45.0 0.00
634 -174.6871 -25.9974 3 5 5 1
2  45.0 45.0 0.00
635 -32.0226 59.8008 7 5 5 1
2  45.0 45.0 0.00
636 -126.6603 -19.4691 5 5 5 1
2  45.0 45.0 0.00
637 39.1157 10.6588 3 5 5 1
2  45.0 45.0 0.00
638 170.5063 36.2228 5 5 5 1
2  45.0 45.0 0.00
639 0.8508 20.9794 3 5 5 1
2  45.0 45.0 0.00
640 154.8992 -33.0676 5 5 5 1
2  45.0 45.0 0.00
641 -14.1437 -47.8286 6 5 5 1
2  45.0 45.0 0.00
642 -174.9786 -26.9718 3 5 5 1
2  45.0 45.0 0.00
643 118.8682 -61.4946 3 5 5 1
2  45.0 45.0 0.00
644 -150.9382 63.6564 6 5 5 1
2  45.0 45.0 0.00
645 -60.253 31.176 2 5 5 1
2  45.0 45.0 0.00
646 79.8293 -16.3174 8 5 5 1
2  45.0 45.0 0.00
647 164.0297 -0.4725 4 5 5 1
2  45.0 45.0 0.00
648 -151.2635 56.7372 2 5 5 1
2  45.0 45.0 0.00
649 -145.4301 -28.1153 2 5 5 1
2  45.0 45.0 0.00
650 -172.3048 -31.977 8 5 5 1
2  45.0 45.0 0.00
651 88.9288 -35.0998 3 5 5 1
2  45.0 45.0 0.00
652 52.7526 -38.3566 5 5 5 1
2  45.0 45.0 0.00
653 170.8805 -17.1657 1 5 5 1
2  45.0 45.0 0.00
654 -10.5676 60.2814 2 5 5 1
2  45.0 45.0 0.00
655 -116.3192 35.7091 9 5 5 1
2  45.0 45.0 0.00
656 93.9381 35.0705 8 5 5 1
2  45.0 45.0 0.00
657 -146.5869 -46.698 5 5 5 1
2  45.0 45.0 0.00
658 167.7031 -17.7619 8 5 5 1
2  45.0 45.0 0.00
659 -97.6318 48.1257 5 5 5 1
2  45.0 45.0 0.00
660 -146.7023 46.1484 6 5 5 1
2  45.0 45.0 0.00
661 -115.9981 36.2501 3 5 5 1
2  45.0 45.0 0.00
662 -46.234 40.148 1 5 5 1
2  45.0 45.0 0.00
663 -119.7611 -5.0153 7 5 5 1
2  45.0 45.0 0.00
664 -55.9589 59.5506 4 5 5 1
2  45.0 45.0 0.00
665 133.5755 -2.6139 2 5 5 1
2  45.0 45.0 0.00
666 144.4858 24.8674 3 5 5 1
2  45.0 45.0 0.00
667 127.8428 63.231 5 5 5 1
2  45.0 45.0 0.00
668 44.9984 -20.9097 1 5 5 1
2  45.0 45.0 0.00
669 -51.8861 42.1728 5 5 5 1
2  45.0 45.0 0.00
670 21.8273 24.6069 7 5 5 1
2  45.0 45.0 0.00
671 -65.9208 32.5263 5 5 5 1
2  45.0 45.0 0.00
672 -101.1937 60.5759 1 5 5 1
2  45.0 45.0 0.00
673 34.4343 48.9661 5 5 5 1
2  45.0 45.0 0.00
674 130.8959 13.0663 3 5 5 1
2  45.0 45.0 0.00
675 -0.737 62.983 1 5 5 1
2  45.0 45.0 0.00
676 161.3477 20.9398 6 5 5 1
2  45.0 45.0 0.00
677 133.853 -14.8764 7 5 5 1
2  45.0 45.0 0.00
678 -1.189 -17.6027 5 5 5 1
2  45.0 45.0 0.00
679 173.7093 54.2754 3 5 5 1
2  45.0 45.0 0.00
680 -131.6746 29.6434 9 5 5 1
2  45.0 45.0 0.00
681 128.5632 64.6681 6 5 5 1
2  45.0 45.0 0.00
682 152.8808 -28.3315 7 5 5 1
2  45.0 45.0 0.00
683 -36.3099 49.9028 7 5 5 1
2  45.0 45.0 0.00
684 -56.9746 -56.6477 8 5 5 1
2  45.0 45.0 0.00
685 -45.548 1.1811 7 5 5 1
2  45.0 45.0 0.00
686 -28.8934 -16.3836 5 5 5 1
2  45.0 45.0 0.00
687 30.9003 61.7687 2 5 5 1
2  45.0 45.0 0.00
688 54.6934 -47.5386 5 5 5 1
2  45.0 45.0 0.00
689 -46.3221 -11.4552 6 5 5 1
2  45.0 45.0 0.00
690 -131.9689 -13.0096 5 5 5 1
2  45.0 45.0 0.00
691 61.5738 52.6101 6 5 5 1
2  45.0 45.0 0.00
692 170.8088 7.8453 6 5 5 1
2  45.0 45.0 0.00
693 2.9754 16.496 1 5 5 1
2  45.0 45.0 0.00
694 -62.4334 -23.2628 4 5 5 1
2  45.0 45.0 0.00
695 -134.6129 47.922 4 5 5 1
2  45.0 45.0 0.00
696 70.137 -45.6975 6 5 5 1
2  45.0 45.0 0.00
697 126.5159 47.4045 6 5 5 1
2  45.0 45.0 0.00
698 168.9838 26.3888 8 5 5 1
2  45.0 45.0 0.00
699 -31.0954 52.6618 1 5 5 1
2  45.0 45.0 0.00
700 -79.4055 -63.2706 2 5 5 1
2  45.0 45.0 0.00
701 152.3386 -27.5718 3 5 5 1
2  45.0 45.0 0.00
702 -93.1311 -12.7712 6 5 5 1
2  45.0 45.0 0.00
703 50.4618 -46.7514 1 5 5 1
2  45.0 45.0 0.00
704 -75.9903 -54.0308 8 5 5 1
2  45.0 45.0 0.00
705 -25.9292 49.8762 6 5 5 1
2  45.0 45.0 0.00
706 -46.5746 36.6781 8 5 5 1
2  45.0 45.0 0.00
707 102.7668 42.9981 6 5 5 1
2  45.0 45.0 0.00
708 -8.9202 -3.1759 1 5 5 1
2  45.0 45.0 0.00
709 -155.456 -56.8633 2 5 5 1
2  45.0 45.0 0.00
710 -62.689 11.6354 9 5 5 1
2  45.0 45.0 0.00
711 88.3604 -29.1279 3 5 5 1
2  45.0 45.0 0.00
712 156.5863 41.4525 2 5 5 1
2  45.0 45.0 0.00
713 164.4017 -50.3302 5 5 5 1
2  45.0 45.0 0.00
714 -62.7074 0.5648 2 5 5 1
2  45.0 45.0 0.00
715 164.9159 -11.8519 8 5 5 1
2  45.0 45.0 0.00
716 -6.3978 25.4467 1 5 5 1
2  45.0 45.0 0.00
717 -174.6169 31.7249 2 5 5 1
2  45.0 45.0 0.00
718 95.2013 -26.53 9 5 5 1
2  45.0 45.0 0.00
719 -140.0309 61.4981 2 5 5 1
2  45.0 45.0 0.00
720 -136.2343 -51.0651 4 5 5 1
2  45.0 45.0 0.00
721 48.5567 -24.1392 4 5 5 1
2  45.0 45.0 0.00
722 27.6577 56.5822 9 5 5 1
2  45.0 45.0 0.00
723 114.2843 -37.1438 6 5 5 1
2  45.0 45.0 0.00
724 -77.8817 52.8683 7 5 5 1
2  45.0 45.0 0.00
725 -15.8613 64.8428 5 5 5 1
2  45.0 45.0 0.00
726 -99.7135 17.3352 1 5 5 1
2  45.0 45.0 0.00
727 24.3744 -4.0248 7 5 5 1
2  45.0 45.0 0.00
728 97.9142 15.6143 6 5 5 1
2  45.0 45.0 0.00
729 44.5402 9.171 3 5 5 1
2  45.0 45.0 0.00
730 -138.0058 20.3034 5 5 5 1
2  45.0 45.0 0.00
731 168.1077 -40.3706 9 5 5 1
2  45.0 45.0 0.00
732 171.8758 -11.4383 1 5 5 1
2  45.0 45.0 0.00
733 84.9929 37.4098 3 5 5 1
2  45.0 45.0 0.00
734 -112.4383 -48.5434 9 5 5 1
2  45.0 45.0 0.00
735 122.9542 60.137 5 5 5 1
2  45.0 45.0 0.00
736 32.4395 -7.0151 1 5 5 1
2  45.0 45.0 0.00
737 -57.114 28.4155 3 5 5 1
2  45.0 45.0 0.00
738 -109.3155 26.7684 6 5 5 1
2  45.0 45.0 0.00
739 -110.6802 -39.4789 1 5 5 1
2  45.0 45.0 0.00
740 -171.9212 52.6507 1 5 5 1
2  45.0 45.0 0.00
741 -42.5089 -41.5542 4 5 5 1
2  45.0 45.0 0.00
742 -45.4908 -0.8642 3 5 5 1
2  45.0 45.0 0.00
743 95.119 -7.7231 3 5 5 1
2  45.0 45.0 0.00
744 72.2069 30.6126 2 5 5 1
2  45.0 45.0 0.00
745 54.4009 -51.175 5 5 5 1
2  45.0 45.0 0.00
746 67.5142 36.2459 3 5 5 1
2  45.0 45.0 0.00
747 125.3871 -38.367 6 5 5 1
2  45.0 45.0 0.00
748 -107.1834 -22.7967 4 5 5 1
2  45.0 45.0 0.00
749 -45.4261 -16.9629 5 5 5 1
2  45.0 45.0 0.00
750 164.7827 4.1144 6 5 5 1
2  45.0 45.0 0.00
751 -179.3131 -59.664 7 5 5 1
2  45.0 45.0 0.00
752 101.5082 33.3823 2 5 5 1
2  45.0 45.0 0.00
753 -153.2266 64.6459 9 5 5 1
2  45.0 45.0 0.00
754 33.6085 37.4277 1 5 5 1
2  45.0 45.0 0.00
755 43.7633 -64.3373 3 5 5 1
2  45.0 45.0 0.00
756 -176.4673 -39.3933 7 5 5 1
2  45.0 45.0 0.00
757 -84.6385 7.1185 2 5 5 1
2  45.0 45.0 0.00
758 -66.2333 -34.1992 1 5 5 1
2  45.0 45.0 0.00
759 162.5383 -29.8402 3 5 5 1
2  45.0 45.0 0.00
760 96.4248 -55.7107 4 5 5 1
2  45.0 45.0 0.00
761 -122.4137 63.6797 3 5 5 1
2  45.0 45.0 0.00
762 110.1101 -38.7108 3 5 5 1
2  45.0 45.0 0.00
763 1.9038 62.3653 3 5 5 1
2  45.0 45.0 0.00
764 5.7592 48.9927 3 5 5 1
2  45.0 45.0 0.00
765 73.9681 -21.501 8 5 5 1
2  45.0 45.0 0.00
766 -176.9596 -28.7487 5 5 5 1
2  45.0 45.0 0.00
767 -42.1692 17.6429 3 5 5 1
2  45.0 45.0 0.00
768 130.049 -36.0659 8 5 5 1
2  45.0 45.0 0.00
769 55.9687 38.127 4 5 5 1
2  45.0 45.0 0.00
770 -150.1708 44.9984 2 5 5 1
2  45.0 45.0 0.00
771 171.0631 59.6994 9 5 5 1
2  45.0 45.0 0.00
772 -18.2851 -57.629 4 5 5 1
2  45.0 45.0 0.00
773 4.9859 34.0928 7 5 5 1
2  45.0 45.0 0.00
774 136.4 28.3942 3 5 5 1
2  45.0 45.0 0.00
775 26.8537 9.6983 2 5 5 1
2  45.0 45.0 0.00
776 -20.2701 -43.5261 7 5 5 1
2  45.0 45.0 0.00
777 -87.5469 -7.9003 7 5 5 1
2  45.0 45.0 0.00
778 63.2499 -53.8051 1 5 5 1
2  45.0 45.0 0.00
779 56.8425 -23.4428 7 5 5 1
2  45.0 45.0 0.00
780 31.754 -17.0724 5 5 5 1
2  45.0 45.0 0.00
781 124.9104 -46.0391 7 5 5 1
2  45.0 45.0 0.00
782 177.3938 -44.9456 3 5 5 1
2  45.0 45.0 0.00
783 -128.4603 -55.8824 6 5 5 1
2  45.0 45.0 0.00
784 115.5434 -13.8543 7 5 5 1
2  45.0 45.0 0.00
785 -84.759 -30.2008 7 5 5 1
2  45.0 45.0 0.00
786 -73.9457 -24.052 3 5 5 1
2  45.0 45.0 0.00
787 -116.1226 -4.5954 4 5 5 1
2  45.0 45.0 0.00
788 172.5319 16.8539 2 5 5 1
2  45.0 45.0 0.00
789 20.6325 57.9882 9 5 5 1
2  45.0 45.0 0.00
790 -153.3784 -63.2709 1 5 5 1
2  45.0 45.0 0.00
791 71.9821 35.9506 5 5 5 1
2  45.0 45.0 0.00
792 -166.2384 16.9165 4 5 5 1
2  45.0 45.0 0.00
793 97.0221 63.9412 9 5 5 1
2  45.0 45.0 0.00
794 63.7928 40.5579 7 5 5 1
2  45.0 45.0 0.00
795 142.3965 -39.8224 6 5 5 1
2  45.0 45.0 0.00
796 35.9082 35.4363 2 5 5 1
2  45.0 45.0 0.00
797 7.0808 -44.8783 9 5 5 1
2  45.0 45.0 0.00
798 -95.6577 18.4413 7 5 5 1
2  45.0 45.0 0.00
799 101.4547 -23.6606 3 5 5 1
2  45.0 45.0 0.00
800 -127.6197 56.8767 1 5 5 1
2  45.0 45.0 0.00
801 -125.3406 63.7852 4 5 5 1
2  45.0 45.0 0.00
802 89.862 59.6294 7 5 5 1
2  45.0 45.0 0.00
803 -74.0634 -36.2296 5 5 5 1
2  45.0 45.0 0.00
804 16.4593 -8.2526 9 5 5 1
2  45.0 45.0 0.00
805 -24.9364 61.1596 8 5 5 1
2  45.0 45.0 0.00
806 101.1558 41.208 4 5 5 1
2  45.0 45.0 0.00
807 129.6426 22.802 3 5 5 1
2  45.0 45.0 0.00
808 26.0477 13.4254 2 5 5 1
2  45.0 45.0 0.00
809 138.2425 -52.1168 9 5 5 1
2  45.0 45.0 0.00
810 -174.559 46.589 4 5 5 1
2  45.0 45.0 0.00
811 66.3816 -1.2001 7 5 5 1
2  45.0 45.0 0.00
812 -82.3083 -56.8681 7 5 5 1
2  45.0 45.0 0.00
813 -160.0331 -9.5254 3 5 5 1
2  45.0 45.0 0.00
814 26.075 5.6724 5 5 5 1
2  45.0 45.0 0.00
815 -32.8888 27.046 7 5 5 1
2  45.0 45.0 0.00
816 -34.9006 46.6206 9 5 5 1
2  45.0 45.0 0.00
817 -64.1838 20.1311 9 5 5 1
2  45.0 45.0 0.00
818 100.2233 -30.3198 2 5 5 1
2  45.0 45.0 0.00
819 12.7892 27.8317 6 5 5 1
2  45.0 45.0 0.00
820 -76.5233 57.3162 7 5 5 1
2  45.0 45.0 0.00
821 -79.5727 -53.5217 3 5 5 1
2  45.0 45.0 0.00
822 57.2305 27.2408 1 5 5 1
2  45.0 45.0 0.00
823 -27.0351 46.4124 3 5 5 1
2  45.0 45.0 0.00
824 -136.7847 -9.0082 5 5 5 1
2  45.0 45.0 0.00
825 62.0134 -39.6759 2 5 5 1
2  45.0 45.0 0.00
826 6.2539 -60.3665 9 5 5 1
2  45.0 45.0 0.00
827 118.3134 17.2467 8 5 5 1
2  45.0 45.0 0.00
828 -30.4713 25.6094 2 5 5 1
2  45.0 45.0 0.00
829 73.6141 24.6163 2 5 5 1
2  45.0 45.0 0.00
830 128.8035 -29.2935 6 5 5 1
2  45.0 45.0 0.00
831 -154.5182 -4.7518 7 5 5 1
2  45.0 45.0 0.00
832 26.8761 21.4703 1 5 5 1
2  45.0 45.0 0.00
833 -170.8358 -26.0959 9 5 5 1
2  45.0 45.0 0.00
834 -168.0988 45.7916 7 5 5 1
2  45.0 45.0 0.00
835 60.6565 27.2529 7 5 5 1
2  45.0 45.0 0.00
836 176.4296 59.611 6 5 5 1
2  45.0 45.0 0.00
837 23.5789 14.9688 5 5 5 1
2  45.0 45.0 0.00
838 -15.5602 -34.9436 5 5 5 1
2  45.0 45.0 0.00
839 10.9998 -36.2489 8 5 5 1
2  45.0 45.0 0.00
840 -142.0495 55.6189 7 5 5 1
2  45.0 45.0 0.00
841 37.3921 -10.0985 7 5 5 1
2  45.0 45.0 0.00
842 36.9892 -63.4451 1 5 5 1
2  45.0 45.0 0.00
843 91.5476 48.9196 4 5 5 1
2  45.0 45.0 0.00
844 -177.3276 -56.1568 5 5 5 1
2  45.0 45.0 0.00
845 -83.2157 58.8098 7 5 5 1
2  45.0 45.0 0.00
846 67.0835 43.7917 5 5 5 1
2  45.0 45.0 0.00
847 -170.052 31.2948 3 5 5 1
2  45.0 45.0 0.00
848 32.7069 -19.9819 9 5 5 1
2  45.0 45.0 0.00
849 126.6796 -2.774 5 5 5 1
2  45.0 45.0 0.00
850 5.3825 5.1761 3 5 5 1
2  45.0 45.0 0.00
851 -172.8456 -27.3138 7 5 5 1
2  45.0 45.0 0.00
852 121.2124 56.0079 2 5 5 1
2  45.0 45.0 0.00
853 26.4054 52.5123 5 5 5 1
2  45.0 45.0 0.00
854 -82.9249 13.3545 2 5 5 1
2  45.0 45.0 0.00
855 114.0537 6.2009 7 5 5 1
2  45.0 45.0 0.00
856 64.091 -4.8227 7 5 5 1
2  45.0 45.0 0.00
857 120.5479 -14.9379 4 5 5 1
2  45.0 45.0 0.00
858 99.1091 46.6638 5 5 5 1
2  45.0 45.0 0.00
859 -99.9995 14.3758 4 5 5 1
2  45.0 45.0 0.00
860 -113.5289 -34.9872 5 5 5 1
2  45.0 45.0 0.00
861 77.8768 -51.8785 5 5 5 1
2  45.0 45.0 0.00
862 -99.3071 55.3957 7 5 5 1
2  45.0 45.0 0.00
863 -68.8087 -29.747 3 5 5 1
2  45.0 45.0 0.00
864 12.3875 -17.3768 7 5 5 1
2  45.0 45.0 0.00
865 95.0374 -21.1183 7 5 5 1
2  45.0 45.0 0.00
866 -171.5172 -42.1434 7 5 5 1
2  45.0 45.0 0.00
867 76.2066 -33.9236 9 5 5 1
2  45.0 45.0 0.00
868 58.525 -30.4227 1 5 5 1
2  45.0 45.0 0.00
869 87.9505 -35.3395 6 5 5 1
2  45.0 45.0 0.00
870 24.0125 -24.9366 3 5 5 1
2  45.0 45.0 0.00
871 -154.7418 23.5127 9 5 5 1
2  45.0 45.0 0.00
872 29.9951 -4.2315 8 5 5 1
2  45.0 45.0 0.00
873 -148.2397 -40.4916 9 5 5 1
2  45.0 45.0 0.00
874 164.015 16.5128 2 5 5 1
2  45.0 45.0 0.00
875 -121.3001 -7.8689 1 5 5 1
2  45.0 45.0 0.00
876 -32.8289 -2.7761 3 5 5 1
2  45.0 45.0 0.00
877 23.6703 -26.52 6 5 5 1
2  45.0 45.0 0.00
878 149.5725 12.4014 3 5 5 1
2  45.0 45.0 0.00
879 4.6435 -0.8204 8 5 5 1
2  45.0 45.0 0.00
880 -172.5214 -62.2105 4 5 5 1
2  45.0 45.0 0.00
881 0.2342 45.2279 9 5 5 1
2  45.0 45.0 0.00
882 11.2428 -61.6524 9 5 5 1
2  45.0 45.0 0.00
883 32.6753 17.6597 5 5 5 1
2  45.0 45.0 0.00
884 -95.1126 -59.1917 9 5 5 1
2  45.0 45.0 0.00
885 -113.4493 -54.4933 1 5 5 1
2  45.0 45.0 0.00
886 33.0894 13.4997 9 5 5 1
2  45.0 45.0 0.00
887 32.1819 19.54 9 5 5 1
2  45.0 45.0 0.00
888 146.6294 -45.4605 6 5 5 1
2  45.0 45.0 0.00
889 139.0588 39.4296 9 5 5 1
2  45.0 45.0 0.00
890 48.4894 -58.1097 3 5 5 1
2  45.0 45.0 0.00
891 -56.8804 -31.8391 9 5 5 1
2  45.0 45.0 0.00
892 98.4305 -35.4373 4 5 5 1
2  45.0 45.0 0.00
893 -10.401 0.4311 2 5 5 1
2  45.0 45.0 0.00
894 1.4099 5.0121 4 5 5 1
2  45.0 45.0 0.00
895 -30.0478 47.8407 3 5 5 1
2  45.0 45.0 0.00
896 104.9626 47.0556 8 5 5 1
2  45.0 45.0 0.00
897 -168.4187 -61.5571 8 5 5 1
2  45.0 45.0 0.00
898 -96.2409 -33.3195 3 5 5 1
2  45.0 45.0 0.00
899 -111.9684 38.4941 9 5 5 1
2  45.0 45.0 0.00
900 65.8511 5.9464 7 5 5 1
2  45.0 45.0 0.00
901 -108.3831 -27.8864 4 5 5 1
2  45.0 45.0 0.00
902 -160.6002 64.4833 5 5 5 1
2  45.0 45.0 0.00
903 -48.1392 38.5312 3 5 5 1
2  45.0 45.0 0.00
904 -104.7421 -64.719 5 5 5 1
2  45.0 45.0 0.00
905 -105.017 27.4918 5 5 5 1
2  45.0 45.0 0.00
906 -163.5533 -26.6464 2 5 5 1
2  45.0 45.0 0.00
907 -113.0174 -33.5912 5 5 5 1
2  45.0 45.0 0.00
908 105.6465 -18.6789 8 5 5 1
2  45.0 45.0 0.00
909 144.0066 63.3527 4 5 5 1
2  45.0 45.0 0.00
910 -165.9804 -38.6385 7 5 5 1
2  45.0 45.0 0.00
911 165.9316 29.2895 8 5 5 1
2  45.0 45.0 0.00
912 59.2198 -8.1462 4 5 5 1
2  45.0 45.0 0.00
913 -102.1117 -34.5591 5 5 5 1
2  45.0 45.0 0.00
914 101.5937 13.2005 9 5 5 1
2  45.0 45.0 0.00
915 -63.5778 23.0577 7 5 5 1
2  45.0 45.0 0.00
916 76.7227 7.1128 5 5 5 1
2  45.0 45.0 0.00
917 109.9537 2.5567 4 5 5 1
2  45.0 45.0 0.00
918 4.7808 63.5188 9 5 5 1
2  45.0 45.0 0.00
919 46.4762 57.4272 2 5 5 1
2  45.0 45.0 0.00
920 100.9108 39.4985 8 5 5 1
2  45.0 45.0 0.00
921 -19.2596 38.1126 8 5 5 1
2  45.0 45.0 0.00
922 53.8414 55.8728 7 5 5 1
2  45.0 45.0 0.00
923 25.324 30.1815 7 5 5 1
2  45.0 45.0 0.00
924 -17.1153 50.7187 5 5 5 1
2  45.0 45.0 0.00
925 -35.5633 -37.4823 6 5 5 1
2  45.0 45.0 0.00
926 56.241 -23.2681 8 5 5 1
2  45.0 45.0 0.00
927 23.5561 -22.7443 4 5 5 1
2  45.0 45.0 0.00
928 -107.7139 31.6349 8 5 5 1
2  45.0 45.0 0.00
929 140.8887 -18.2737 3 5 5 1
2  45.0 45.0 0.00
930 -72.6288 -45.6591 9 5 5 1
2  45.0 45.0 0.00
931 94.0324 37.4184 9 5 5 1
2  45.0 45.0 0.00
932 166.8549 25.9128 5 5 5 1
2  45.0 45.0 0.00
933 128.4313 33.2012 4 5 5 1
2  45.0 45.0 0.00
934 -93.9277 60.1574 4 5 5 1
2  45.0 45.0 0.00
935 147.9835 61.3097 2 5 5 1
2  45.0 45.0 0.00
936 173.8178 -2.8371 4 5 5 1
2  45.0 45.0 0.00
937 -68.5968 22.2065 6 5 5 1
2  45.0 45.0 0.00
938 80.2081 48.2992 2 5 5 1
2  45.0 45.0 0.00
939 -115.5381 -13.1313 1 5 5 1
2  45.0 45.0 0.00
940 -68.0323 -10.0122 5 5 5 1
2  45.0 45.0 0.00
941 -97.533 -24.9912 7 5 5 1
2  45.0 45.0 0.00
942 -110.2273 -12.7584 1 5 5 1
2  45.0 45.0 0.00
943 -2.7091 -12.221 6 5 5 1
2  45.0 45.0 0.00
944 35.8181 -24.2197 8 5 5 1
2  45.0 45.0 0.00
945 -90.5211 8.6856 4 5 5 1
2  45.0 45.0 0.00
946 -71.6871 -3.8939 8 5 5 1
2  45.0 45.0 0.00
947 -53.7894 29.2535 7 5 5 1
2  45.0 45.0 0.00
948 -176.8653 -6.2878 4 5 5 1
2  45.0 45.0 0.00
949 163.2218 58.2406 5 5 5 1
2  45.0 45.0 0.00
950 142.6053 61.9749 4 5 5 1
2  45.0 45.0 0.00
951 158.4449 -44.6052 6 5 5 1
2  45.0 45.0 0.00
952 95.6894 24.7226 7 5 5 1
2  45.0 45.0 0.00
953 100.6963 -14.9448 6 5 5 1
2  45.0 45.0 0.00
954 -67.8862 -27.5612 6 5 5 1
2  45.0 45.0 0.00
955 -117.7944 14.9469 6 5 5 1
2  45.0 45.0 0.00
956 -94.8652 -51.8538 6 5 5 1
2  45.0 45.0 0.00
957 1.6298 -36.8829 5 5 5 1
2  45.0 45.0 0.00
958 -19.4196 -53.3534 2 5 5 1
2  45.0 45.0 0.00
959 -55.9028 48.3648 9 5 5 1
2  45.0 45.0 0.00
960 -115.9426 -11.2313 2 5 5 1
2  45.0 45.0 0.00
961 -137.3143 22.0212 4 5 5 1
2  45.0 45.0 0.00
962 -10.2615 -15.9037 7 5 5 1
2  45.0 45.0 0.00
963 64.1311 42.8255 3 5 5 1
2  45.0 45.0 0.00
964 -89.7185 61.034 8 5 5 1
2  45.0 45.0 0.00
965 -123.4422 21.9957 7 5 5 1
2  45.0 45.0 0.00
966 -141.4786 -47.769 1 5 5 1
2  45.0 45.0 0.00
967 171.7606 49.8579 6 5 5 1
2  45.0 45.0 0.00
968 101.2074 -31.1207 6 5 5 1
2  45.0 45.0 0.00
969 115.3604 8.6791 6 5 5 1
2  45.0 45.0 0.00
970 -86.2256 -27.4731 1 5 5 1
2  45.0 45.0 0.00
971 164.127 54.8447 2 5 5 1
2  45.0 45.0 0.00
972 100.0885 -60.7974 4 5 5 1
2  45.0 45.0 0.00
973 168.042 -44.3554 2 5 5 1
2  45.0 45.0 0.00
974 113.7308 11.7976 6 5 5 1
2  45.0 45.0 0.00
975 -87.7727 9.5639 1 5 5 1
2  45.0 45.0 0.00
976 99.4279 -3.3395 5 5 5 1
2  45.0 45.0 0.00
977 109.2359 42.9677 8 5 5 1
2  45.0 45.0 0.00
978 163.6036 30.8982 7 5 5 1
2  45.0 45.0 0.00
979 21.6536 -53.0701 4 5 5 1
2  45.0 45.0 0.00
980 17.5198 32.9597 2 5 5 1
2  45.0 45.0 0.00
981 -64.2053 61.0321 6 5 5 1
2  45.0 45.0 0.00
982 -71.0599 -59.7968 1 5 5 1
2  45.0 45.0 0.00
983 12.6234 -25.2013 4 5 5 1
2  45.0 45.0 0.00
984 -55.219 -62.0208 1 5 5 1
2  45.0 45.0 0.00
985 91.2259 -63.0664 7 5 5 1
2  45.0 45.0 0.00
986 161.2687 48.9157 4 5 5 1
2  45.0 45.0 0.00
987 -147.0362 -34.2105 4 5 5 1
2  45.0 45.0 0.00
988 -158.6795 -5.2676 7 5 5 1
2  45.0 45.0 0.00
989 -47.8068 -47.623 1 5 5 1
2  45.0 45.0 0.00
990 -158.9126 31.3904 9 5 5 1
2  45.0 45.0 0.00
991 94.9486 53.3737 1 5 5 1
2  45.0 45.0 0.00
992 53.1883 -56.8575 7 5 5 1
2  45.0 45.0 0.00
993 -38.9468 -62.637 3 5 5 1
2  45.0 45.0 0.00
994 7.2563 14.1158 5 5 5 1
2  45.0 45.0 0.00
995 55.7209 7.2701 7 5 5 1
2  45.0 45.0 0.00
996 -27.5083 64.5987 2 5 5 1
2  45.0 45.0 0.00
997 -124.2475 -3.4305 5 5 5 1
2  45.0 45.0 0.00
998 16.3207 12.7862 7 5 5 1
2  45.0 45.0 0.00
999 -176.0075 -16.2498 7 5 5 1
2  45.0 45.0 0.00
