 2013 04 20 00 08 22.949    9.628   45.000     .000  1284667.1    -.0125    -.1755     .0000   -5359.4
 2013 04 20 00 08 23.000    9.627   44.991     .000  1284395.6    -.0125    -.1756     .0000   -5358.6
 2013 04 20 00 08 24.000    9.615   44.815     .000  1279045.2    -.0126    -.1773     .0000   -5342.3
 2013 04 20 00 08 25.000    9.602   44.636     .000  1273711.1    -.0127    -.1790     .0000   -5325.8
 2013 04 20 00 08 26.000    9.589   44.457     .000  1268393.7    -.0128    -.1808     .0000   -5309.1
 2013 04 20 00 08 27.000    9.576   44.275     .000  1263093.0    -.0129    -.1826     .0000   -5292.1
 2013 04 20 00 08 28.000    9.563   44.091     .000  1257809.4    -.0130    -.1843     .0000   -5275.0
 2013 04 20 00 08 29.000    9.550   43.906     .000  1252543.1    -.0131    -.1861     .0000   -5257.6
 2013 04 20 00 08 30.000    9.537   43.719     .000  1247294.2    -.0132    -.1880     .0000   -5240.0
 2013 04 20 00 08 31.000    9.524   43.530     .000  1242063.1    -.0133    -.1898     .0000   -5222.2
 2013 04 20 00 08 32.000    9.511   43.340     .000  1236849.9    -.0134    -.1916     .0000   -5204.2
 2013 04 20 00 08 33.000    9.497   43.147     .000  1231654.8    -.0135    -.1935     .0000   -5185.9
 2013 04 20 00 08 34.000    9.484   42.953     .000  1226478.2    -.0136    -.1954     .0000   -5167.4
 2013 04 20 00 08 35.000    9.470   42.756     .000  1221320.2    -.0137    -.1973     .0000   -5148.6
 2013 04 20 00 08 36.000    9.456   42.558     .000  1216181.1    -.0138    -.1992     .0000   -5129.6
 2013 04 20 00 08 37.000    9.442   42.358     .000  1211061.1    -.0139    -.2012     .0000   -5110.3
 2013 04 20 00 08 38.000    9.428   42.156     .000  1205960.5    -.0140    -.2031     .0000   -5090.8
 2013 04 20 00 08 39.000    9.414   41.951     .000  1200879.6    -.0141    -.2051     .0000   -5071.0
 2013 04 20 00 08 40.000    9.400   41.745     .000  1195818.5    -.0142    -.2071     .0000   -5051.0
 2013 04 20 00 08 41.000    9.386   41.537     .000  1190777.6    -.0143    -.2091     .0000   -5030.7
 2013 04 20 00 08 42.000    9.371   41.327     .000  1185757.1    -.0144    -.2111     .0000   -5010.2
 2013 04 20 00 08 43.000    9.357   41.115     .000  1180757.3    -.0145    -.2132     .0000   -4989.4
 2013 04 20 00 08 44.000    9.342   40.901     .000  1175778.5    -.0146    -.2152     .0000   -4968.3
 2013 04 20 00 08 45.000    9.328   40.685     .000  1170820.8    -.0147    -.2173     .0000   -4946.9
 2013 04 20 00 08 46.000    9.313   40.466     .000  1165884.7    -.0148    -.2194     .0000   -4925.3
 2013 04 20 00 08 47.000    9.298   40.246     .000  1160970.3    -.0149    -.2215     .0000   -4903.4
 2013 04 20 00 08 48.000    9.283   40.023     .000  1156078.0    -.0150    -.2236     .0000   -4881.2
 2013 04 20 00 08 49.000    9.268   39.799     .000  1151208.0    -.0151    -.2258     .0000   -4858.7
 2013 04 20 00 08 50.000    9.253   39.572     .000  1146360.7    -.0152    -.2279     .0000   -4835.9
 2013 04 20 00 08 51.000    9.238   39.343     .000  1141536.3    -.0153    -.2301     .0000   -4812.8
 2013 04 20 00 08 52.000    9.222   39.111     .000  1136735.1    -.0154    -.2323     .0000   -4789.5
 2013 04 20 00 08 53.000    9.207   38.878     .000  1131957.5    -.0155    -.2345     .0000   -4765.8
 2013 04 20 00 08 54.000    9.191   38.642     .000  1127203.6    -.0156    -.2368     .0000   -4741.8
 2013 04 20 00 08 55.000    9.176   38.404     .000  1122474.0    -.0157    -.2390     .0000   -4717.5
 2013 04 20 00 08 56.000    9.160   38.164     .000  1117768.7    -.0158    -.2413     .0000   -4692.9
 2013 04 20 00 08 57.000    9.144   37.922     .000  1113088.3    -.0159    -.2436     .0000   -4668.0
 2013 04 20 00 08 58.000    9.128   37.677     .000  1108432.9    -.0160    -.2459     .0000   -4642.7
 2013 04 20 00 08 59.000    9.112   37.430     .000  1103802.9    -.0161    -.2482     .0000   -4617.2
 2013 04 20 00 09   .000    9.096   37.181     .000  1099198.6    -.0162    -.2505     .0000   -4591.3
 2013 04 20 00 09  1.000    9.080   36.929     .000  1094620.4    -.0163    -.2529     .0000   -4565.1
 2013 04 20 00 09  2.000    9.063   36.675     .000  1090068.7    -.0164    -.2552     .0000   -4538.5
 2013 04 20 00 09  3.000    9.047   36.419     .000  1085543.6    -.0165    -.2576     .0000   -4511.6
 2013 04 20 00 09  4.000    9.030   36.160     .000  1081045.6    -.0166    -.2600     .0000   -4484.3
 2013 04 20 00 09  5.000    9.013   35.899     .000  1076575.0    -.0167    -.2624     .0000   -4456.8
 2013 04 20 00 09  6.000    8.997   35.635     .000  1072132.2    -.0168    -.2648     .0000   -4428.8
 2013 04 20 00 09  7.000    8.980   35.369     .000  1067717.5    -.0169    -.2673     .0000   -4400.5
 2013 04 20 00 09  8.000    8.963   35.100     .000  1063331.3    -.0170    -.2697     .0000   -4371.9
 2013 04 20 00 09  9.000    8.946   34.830     .000  1058973.8    -.0171    -.2722     .0000   -4342.9
 2013 04 20 00 09 10.000    8.929   34.556     .000  1054645.6    -.0172    -.2747     .0000   -4313.5
 2013 04 20 00 09 11.000    8.911   34.280     .000  1050347.0    -.0173    -.2772     .0000   -4283.8
 2013 04 20 00 09 12.000    8.894   34.002     .000  1046078.2    -.0174    -.2797     .0000   -4253.7
 2013 04 20 00 09 13.000    8.877   33.721     .000  1041839.8    -.0175    -.2822     .0000   -4223.2
 2013 04 20 00 09 14.000    8.859   33.437     .000  1037632.0    -.0176    -.2847     .0000   -4192.3
 2013 04 20 00 09 15.000    8.841   33.151     .000  1033455.2    -.0177    -.2873     .0000   -4161.1
 2013 04 20 00 09 16.000    8.824   32.863     .000  1029309.9    -.0178    -.2898     .0000   -4129.5
 2013 04 20 00 09 17.000    8.806   32.572     .000  1025196.5    -.0179    -.2924     .0000   -4097.4
 2013 04 20 00 09 18.000    8.788   32.278     .000  1021115.2    -.0180    -.2950     .0000   -4065.0
 2013 04 20 00 09 19.000    8.770   31.982     .000  1017066.5    -.0181    -.2976     .0000   -4032.2
 2013 04 20 00 09 20.000    8.752   31.683     .000  1013050.8    -.0182    -.3002     .0000   -3999.1
 2013 04 20 00 09 21.000    8.734   31.381     .000  1009068.5    -.0183    -.3028     .0000   -3965.5
 2013 04 20 00 09 22.000    8.715   31.077     .000  1005120.0    -.0184    -.3054     .0000   -3931.5
 2013 04 20 00 09 23.000    8.697   30.771     .000  1001205.7    -.0185    -.3080     .0000   -3897.1
 2013 04 20 00 09 24.000    8.678   30.461     .000   997326.0    -.0185    -.3107     .0000   -3862.3
 2013 04 20 00 09 25.000    8.660   30.149     .000   993481.3    -.0186    -.3133     .0000   -3827.1
 2013 04 20 00 09 26.000    8.641   29.835     .000   989672.1    -.0187    -.3159     .0000   -3791.4
 2013 04 20 00 09 27.000    8.622   29.517     .000   985898.6    -.0188    -.3186     .0000   -3755.4
 2013 04 20 00 09 28.000    8.603   29.197     .000   982161.5    -.0189    -.3212     .0000   -3718.9
 2013 04 20 00 09 29.000    8.584   28.875     .000   978461.0    -.0190    -.3239     .0000   -3682.0
 2013 04 20 00 09 30.000    8.565   28.550     .000   974797.5    -.0191    -.3266     .0000   -3644.7
 2013 04 20 00 09 31.000    8.546   28.222     .000   971171.7    -.0192    -.3292     .0000   -3607.0
 2013 04 20 00 09 32.000    8.527   27.891     .000   967583.7    -.0193    -.3319     .0000   -3568.8
 2013 04 20 00 09 33.000    8.508   27.558     .000   964034.1    -.0194    -.3346     .0000   -3530.2
 2013 04 20 00 09 34.000    8.488   27.222     .000   960523.4    -.0195    -.3372     .0000   -3491.2
 2013 04 20 00 09 35.000    8.469   26.883     .000   957051.8    -.0196    -.3399     .0000   -3451.8
 2013 04 20 00 09 36.000    8.449   26.542     .000   953620.0    -.0197    -.3426     .0000   -3411.9
 2013 04 20 00 09 37.000    8.429   26.198     .000   950228.2    -.0198    -.3452     .0000   -3371.6
 2013 04 20 00 09 38.000    8.409   25.852     .000   946876.9    -.0199    -.3479     .0000   -3330.8
 2013 04 20 00 09 39.000    8.389   25.503     .000   943566.7    -.0199    -.3505     .0000   -3289.7
 2013 04 20 00 09 40.000    8.369   25.151     .000   940297.8    -.0200    -.3532     .0000   -3248.0
 2013 04 20 00 09 41.000    8.349   24.796     .000   937070.7    -.0201    -.3558     .0000   -3206.0
 2013 04 20 00 09 42.000    8.329   24.439     .000   933886.0    -.0202    -.3584     .0000   -3163.5
 2013 04 20 00 09 43.000    8.309   24.079     .000   930743.9    -.0203    -.3611     .0000   -3120.6
 2013 04 20 00 09 44.000    8.289   23.717     .000   927645.0    -.0204    -.3637     .0000   -3077.2
 2013 04 20 00 09 45.000    8.268   23.352     .000   924589.7    -.0205    -.3663     .0000   -3033.4
 2013 04 20 00 09 46.000    8.248   22.984     .000   921578.4    -.0206    -.3689     .0000   -2989.1
 2013 04 20 00 09 47.000    8.227   22.614     .000   918611.6    -.0207    -.3715     .0000   -2944.5
 2013 04 20 00 09 48.000    8.206   22.242     .000   915689.6    -.0207    -.3740     .0000   -2899.3
 2013 04 20 00 09 49.000    8.185   21.866     .000   912813.0    -.0208    -.3766     .0000   -2853.8
 2013 04 20 00 09 50.000    8.165   21.488     .000   909982.2    -.0209    -.3791     .0000   -2807.8
 2013 04 20 00 09 51.000    8.144   21.108     .000   907197.5    -.0210    -.3816     .0000   -2761.4
 2013 04 20 00 09 52.000    8.123   20.725     .000   904459.5    -.0211    -.3841     .0000   -2714.6
 2013 04 20 00 09 53.000    8.101   20.340     .000   901768.5    -.0212    -.3866     .0000   -2667.3
 2013 04 20 00 09 54.000    8.080   19.952     .000   899125.0    -.0213    -.3890     .0000   -2619.6
 2013 04 20 00 09 55.000    8.059   19.562     .000   896529.4    -.0214    -.3915     .0000   -2571.5
 2013 04 20 00 09 56.000    8.037   19.169     .000   893982.1    -.0214    -.3939     .0000   -2523.0
 2013 04 20 00 09 57.000    8.016   18.774     .000   891483.5    -.0215    -.3962     .0000   -2474.1
 2013 04 20 00 09 58.000    7.994   18.377     .000   889034.1    -.0216    -.3986     .0000   -2424.7
 2013 04 20 00 09 59.000    7.973   17.977     .000   886634.2    -.0217    -.4009     .0000   -2375.0
 2013 04 20 00 10   .000    7.951   17.575     .000   884284.3    -.0218    -.4032     .0000   -2324.8
 2013 04 20 00 10  1.000    7.929   17.171     .000   881984.8    -.0219    -.4054     .0000   -2274.2
 2013 04 20 00 10  2.000    7.907   16.764     .000   879736.0    -.0219    -.4077     .0000   -2223.3
 2013 04 20 00 10  3.000    7.885   16.355     .000   877538.3    -.0220    -.4099     .0000   -2171.9
 2013 04 20 00 10  4.000    7.863   15.944     .000   875392.3    -.0221    -.4120     .0000   -2120.2
 2013 04 20 00 10  5.000    7.841   15.531     .000   873298.1    -.0222    -.4141     .0000   -2068.1
 2013 04 20 00 10  6.000    7.819   15.116     .000   871256.2    -.0223    -.4162     .0000   -2015.6
 2013 04 20 00 10  7.000    7.797   14.699     .000   869267.0    -.0223    -.4183     .0000   -1962.7
 2013 04 20 00 10  8.000    7.774   14.280     .000   867330.8    -.0224    -.4203     .0000   -1909.5
 2013 04 20 00 10  9.000    7.752   13.858     .000   865448.1    -.0225    -.4222     .0000   -1856.0
 2013 04 20 00 10 10.000    7.729   13.435     .000   863619.0    -.0226    -.4241     .0000   -1802.1
 2013 04 20 00 10 11.000    7.707   13.010     .000   861844.1    -.0227    -.4260     .0000   -1747.8
 2013 04 20 00 10 12.000    7.684   12.583     .000   860123.5    -.0227    -.4278     .0000   -1693.2
 2013 04 20 00 10 13.000    7.661   12.154     .000   858457.7    -.0228    -.4296     .0000   -1638.3
 2013 04 20 00 10 14.000    7.638   11.724     .000   856847.0    -.0229    -.4313     .0000   -1583.1
 2013 04 20 00 10 15.000    7.615   11.292     .000   855291.7    -.0230    -.4330     .0000   -1527.5
 2013 04 20 00 10 16.000    7.592   10.858     .000   853792.0    -.0230    -.4346     .0000   -1471.7
 2013 04 20 00 10 17.000    7.569   10.423     .000   852348.4    -.0231    -.4362     .0000   -1415.6
 2013 04 20 00 10 18.000    7.546    9.986     .000   850961.0    -.0232    -.4377     .0000   -1359.2
 2013 04 20 00 10 19.000    7.523    9.547     .000   849630.1    -.0233    -.4392     .0000   -1302.5
 2013 04 20 00 10 20.000    7.500    9.107     .000   848356.1    -.0233    -.4406     .0000   -1245.5
 2013 04 20 00 10 21.000    7.476    8.666     .000   847139.1    -.0234    -.4419     .0000   -1188.4
 2013 04 20 00 10 22.000    7.453    8.223     .000   845979.4    -.0235    -.4432     .0000   -1130.9
 2013 04 20 00 10 23.000    7.429    7.780     .000   844877.3    -.0236    -.4445     .0000   -1073.2
 2013 04 20 00 10 24.000    7.406    7.334     .000   843833.0    -.0236    -.4456     .0000   -1015.4
 2013 04 20 00 10 25.000    7.382    6.888     .000   842846.7    -.0237    -.4467     .0000    -957.3
 2013 04 20 00 10 26.000    7.358    6.441     .000   841918.6    -.0238    -.4478     .0000    -899.0
 2013 04 20 00 10 27.000    7.334    5.993     .000   841048.8    -.0238    -.4488     .0000    -840.5
 2013 04 20 00 10 28.000    7.311    5.543     .000   840237.7    -.0239    -.4497     .0000    -781.8
 2013 04 20 00 10 29.000    7.287    5.093     .000   839485.3    -.0240    -.4506     .0000    -723.0
 2013 04 20 00 10 30.000    7.263    4.642     .000   838791.8    -.0240    -.4513     .0000    -664.0
 2013 04 20 00 10 31.000    7.239    4.191     .000   838157.3    -.0241    -.4521     .0000    -604.9
 2013 04 20 00 10 32.000    7.214    3.738     .000   837582.0    -.0242    -.4527     .0000    -545.6
 2013 04 20 00 10 33.000    7.190    3.285     .000   837066.1    -.0242    -.4533     .0000    -486.3
 2013 04 20 00 10 34.000    7.166    2.832     .000   836609.5    -.0243    -.4538     .0000    -426.8
 2013 04 20 00 10 35.000    7.142    2.378     .000   836212.5    -.0244    -.4543     .0000    -367.2
 2013 04 20 00 10 36.000    7.117    1.923     .000   835875.1    -.0244    -.4547     .0000    -307.6
 2013 04 20 00 10 37.000    7.093    1.468     .000   835597.3    -.0245    -.4550     .0000    -247.9
 2013 04 20 00 10 38.000    7.068    1.013     .000   835379.3    -.0246    -.4553     .0000    -188.2
 2013 04 20 00 10 39.000    7.044     .558     .000   835221.0    -.0246    -.4554     .0000    -128.4
 2013 04 20 00 10 40.000    7.019     .102     .000   835122.6    -.0247    -.4555     .0000     -68.5
 2013 04 20 00 10 41.000    6.994    -.353     .000   835084.0    -.0247    -.4556     .0000      -8.7
 2013 04 20 00 10 42.000    6.969    -.809     .000   835105.2    -.0248    -.4556     .0000      51.1
 2013 04 20 00 10 43.000    6.945   -1.264     .000   835186.2    -.0249    -.4555     .0000     111.0
 2013 04 20 00 10 44.000    6.920   -1.720     .000   835327.1    -.0249    -.4553     .0000     170.8
 2013 04 20 00 10 45.000    6.895   -2.175     .000   835527.8    -.0250    -.4551     .0000     230.5
 2013 04 20 00 10 46.000    6.870   -2.630     .000   835788.2    -.0250    -.4547     .0000     290.3
 2013 04 20 00 10 47.000    6.845   -3.084     .000   836108.3    -.0251    -.4544     .0000     349.9
 2013 04 20 00 10 48.000    6.820   -3.539     .000   836488.0    -.0252    -.4539     .0000     409.5
 2013 04 20 00 10 49.000    6.794   -3.992     .000   836927.2    -.0252    -.4534     .0000     469.0
 2013 04 20 00 10 50.000    6.769   -4.445     .000   837425.9    -.0253    -.4528     .0000     528.4
 2013 04 20 00 10 51.000    6.744   -4.898     .000   837984.0    -.0253    -.4522     .0000     587.6
 2013 04 20 00 10 52.000    6.718   -5.350     .000   838601.2    -.0254    -.4515     .0000     646.8
 2013 04 20 00 10 53.000    6.693   -5.801     .000   839277.5    -.0254    -.4507     .0000     705.8
 2013 04 20 00 10 54.000    6.668   -6.251     .000   840012.8    -.0255    -.4498     .0000     764.7
 2013 04 20 00 10 55.000    6.642   -6.700     .000   840806.8    -.0255    -.4489     .0000     823.4
 2013 04 20 00 10 56.000    6.617   -7.149     .000   841659.4    -.0256    -.4480     .0000     881.9
 2013 04 20 00 10 57.000    6.591   -7.596     .000   842570.5    -.0256    -.4469     .0000     940.2
 2013 04 20 00 10 58.000    6.565   -8.043     .000   843539.8    -.0257    -.4458     .0000     998.4
 2013 04 20 00 10 59.000    6.540   -8.488     .000   844567.2    -.0257    -.4447     .0000    1056.3
 2013 04 20 00 11   .000    6.514   -8.932     .000   845652.4    -.0258    -.4434     .0000    1114.0
 2013 04 20 00 11  1.000    6.488   -9.375     .000   846795.2    -.0258    -.4422     .0000    1171.5
 2013 04 20 00 11  2.000    6.462   -9.816     .000   847995.4    -.0259    -.4408     .0000    1228.8
 2013 04 20 00 11  3.000    6.436  -10.256     .000   849252.7    -.0259    -.4394     .0000    1285.8
 2013 04 20 00 11  4.000    6.410  -10.695     .000   850566.9    -.0260    -.4380     .0000    1342.5
 2013 04 20 00 11  5.000    6.384  -11.132     .000   851937.6    -.0260    -.4365     .0000    1399.0
 2013 04 20 00 11  6.000    6.358  -11.568     .000   853364.8    -.0261    -.4349     .0000    1455.2
 2013 04 20 00 11  7.000    6.332  -12.002     .000   854847.9    -.0261    -.4333     .0000    1511.1
 2013 04 20 00 11  8.000    6.306  -12.435     .000   856386.8    -.0262    -.4316     .0000    1566.7
 2013 04 20 00 11  9.000    6.280  -12.865     .000   857981.2    -.0262    -.4299     .0000    1622.0
 2013 04 20 00 11 10.000    6.253  -13.294     .000   859630.7    -.0263    -.4281     .0000    1677.0
 2013 04 20 00 11 11.000    6.227  -13.721     .000   861335.0    -.0263    -.4263     .0000    1731.6
 2013 04 20 00 11 12.000    6.201  -14.147     .000   863093.8    -.0263    -.4244     .0000    1786.0
 2013 04 20 00 11 13.000    6.175  -14.570     .000   864906.8    -.0264    -.4225     .0000    1839.9
 2013 04 20 00 11 14.000    6.148  -14.992     .000   866773.6    -.0264    -.4206     .0000    1893.6
 2013 04 20 00 11 15.000    6.122  -15.411     .000   868693.9    -.0265    -.4186     .0000    1946.9
 2013 04 20 00 11 16.000    6.095  -15.829     .000   870667.2    -.0265    -.4165     .0000    1999.8
 2013 04 20 00 11 17.000    6.069  -16.245     .000   872693.3    -.0265    -.4145     .0000    2052.4
 2013 04 20 00 11 18.000    6.042  -16.658     .000   874771.9    -.0266    -.4123     .0000    2104.6
 2013 04 20 00 11 19.000    6.016  -17.069     .000   876902.4    -.0266    -.4102     .0000    2156.4
 2013 04 20 00 11 20.000    5.989  -17.478     .000   879084.5    -.0266    -.4080     .0000    2207.8
 2013 04 20 00 11 21.000    5.962  -17.885     .000   881317.9    -.0267    -.4058     .0000    2258.9
 2013 04 20 00 11 22.000    5.936  -18.290     .000   883602.1    -.0267    -.4035     .0000    2309.5
 2013 04 20 00 11 23.000    5.909  -18.692     .000   885936.7    -.0267    -.4012     .0000    2359.8
 2013 04 20 00 11 24.000    5.882  -19.092     .000   888321.5    -.0268    -.3989     .0000    2409.6
 2013 04 20 00 11 25.000    5.855  -19.490     .000   890755.8    -.0268    -.3966     .0000    2459.0
 2013 04 20 00 11 26.000    5.829  -19.885     .000   893239.4    -.0268    -.3942     .0000    2508.1
 2013 04 20 00 11 27.000    5.802  -20.278     .000   895771.8    -.0269    -.3918     .0000    2556.7
 2013 04 20 00 11 28.000    5.775  -20.669     .000   898352.7    -.0269    -.3894     .0000    2604.9
 2013 04 20 00 11 29.000    5.748  -21.057     .000   900981.5    -.0269    -.3869     .0000    2652.7
 2013 04 20 00 11 30.000    5.721  -21.443     .000   903657.9    -.0270    -.3844     .0000    2700.0
 2013 04 20 00 11 31.000    5.694  -21.826     .000   906381.4    -.0270    -.3820     .0000    2746.9
 2013 04 20 00 11 32.000    5.667  -22.207     .000   909151.6    -.0270    -.3794     .0000    2793.4
 2013 04 20 00 11 33.000    5.640  -22.585     .000   911968.1    -.0270    -.3769     .0000    2839.5
 2013 04 20 00 11 34.000    5.613  -22.961     .000   914830.5    -.0271    -.3744     .0000    2885.2
 2013 04 20 00 11 35.000    5.586  -23.334     .000   917738.3    -.0271    -.3718     .0000    2930.4
 2013 04 20 00 11 36.000    5.559  -23.704     .000   920691.1    -.0271    -.3692     .0000    2975.1
 2013 04 20 00 11 37.000    5.532  -24.072     .000   923688.4    -.0271    -.3666     .0000    3019.5
 2013 04 20 00 11 38.000    5.505  -24.437     .000   926729.8    -.0272    -.3640     .0000    3063.4
 2013 04 20 00 11 39.000    5.477  -24.800     .000   929815.0    -.0272    -.3614     .0000    3106.8
 2013 04 20 00 11 40.000    5.450  -25.160     .000   932943.3    -.0272    -.3588     .0000    3149.8
 2013 04 20 00 11 41.000    5.423  -25.518     .000   936114.5    -.0272    -.3561     .0000    3192.4
 2013 04 20 00 11 42.000    5.396  -25.872     .000   939328.1    -.0272    -.3535     .0000    3234.6
 2013 04 20 00 11 43.000    5.368  -26.225     .000   942583.5    -.0273    -.3508     .0000    3276.3
 2013 04 20 00 11 44.000    5.341  -26.574     .000   945880.5    -.0273    -.3482     .0000    3317.6
 2013 04 20 00 11 45.000    5.314  -26.921     .000   949218.5    -.0273    -.3455     .0000    3358.4
 2013 04 20 00 11 46.000    5.287  -27.265     .000   952597.2    -.0273    -.3429     .0000    3398.8
 2013 04 20 00 11 47.000    5.259  -27.607     .000   956016.0    -.0273    -.3402     .0000    3438.8
 2013 04 20 00 11 48.000    5.232  -27.946     .000   959474.6    -.0273    -.3375     .0000    3478.3
 2013 04 20 00 11 49.000    5.205  -28.282     .000   962972.5    -.0274    -.3348     .0000    3517.4
 2013 04 20 00 11 50.000    5.177  -28.615     .000   966509.3    -.0274    -.3322     .0000    3556.1
 2013 04 20 00 11 51.000    5.150  -28.946     .000   970084.5    -.0274    -.3295     .0000    3594.3
 2013 04 20 00 11 52.000    5.122  -29.274     .000   973697.8    -.0274    -.3268     .0000    3632.2
 2013 04 20 00 11 53.000    5.095  -29.600     .000   977348.7    -.0274    -.3242     .0000    3669.6
 2013 04 20 00 11 54.000    5.068  -29.923     .000   981036.8    -.0274    -.3215     .0000    3706.5
 2013 04 20 00 11 55.000    5.040  -30.243     .000   984761.6    -.0274    -.3188     .0000    3743.1
 2013 04 20 00 11 56.000    5.013  -30.560     .000   988522.8    -.0275    -.3162     .0000    3779.2
 2013 04 20 00 11 57.000    4.985  -30.875     .000   992319.9    -.0275    -.3135     .0000    3814.9
 2013 04 20 00 11 58.000    4.958  -31.187     .000   996152.5    -.0275    -.3109     .0000    3850.2
 2013 04 20 00 11 59.000    4.930  -31.497     .000  1000020.2    -.0275    -.3082     .0000    3885.1
 2013 04 20 00 12   .000    4.903  -31.804     .000  1003922.6    -.0275    -.3056     .0000    3919.6
 2013 04 20 00 12  1.000    4.875  -32.108     .000  1007859.2    -.0275    -.3030     .0000    3953.7
 2013 04 20 00 12  2.000    4.848  -32.410     .000  1011829.7    -.0275    -.3004     .0000    3987.3
 2013 04 20 00 12  3.000    4.820  -32.709     .000  1015833.7    -.0275    -.2978     .0000    4020.6
 2013 04 20 00 12  4.000    4.793  -33.005     .000  1019870.8    -.0275    -.2952     .0000    4053.5
 2013 04 20 00 12  5.000    4.765  -33.299     .000  1023940.6    -.0275    -.2926     .0000    4085.9
 2013 04 20 00 12  6.000    4.738  -33.590     .000  1028042.6    -.0275    -.2900     .0000    4118.0
 2013 04 20 00 12  7.000    4.710  -33.879     .000  1032176.5    -.0275    -.2874     .0000    4149.7
 2013 04 20 00 12  8.000    4.683  -34.165     .000  1036341.9    -.0275    -.2849     .0000    4181.0
 2013 04 20 00 12  9.000    4.655  -34.449     .000  1040538.5    -.0275    -.2823     .0000    4212.0
 2013 04 20 00 12 10.000    4.628  -34.730     .000  1044765.7    -.0275    -.2798     .0000    4242.5
 2013 04 20 00 12 11.000    4.600  -35.009     .000  1049023.4    -.0275    -.2773     .0000    4272.7
 2013 04 20 00 12 12.000    4.573  -35.285     .000  1053311.0    -.0275    -.2748     .0000    4302.5
 2013 04 20 00 12 13.000    4.545  -35.558     .000  1057628.3    -.0275    -.2723     .0000    4332.0
 2013 04 20 00 12 14.000    4.518  -35.829     .000  1061974.8    -.0275    -.2698     .0000    4361.0
 2013 04 20 00 12 15.000    4.490  -36.098     .000  1066350.2    -.0275    -.2674     .0000    4389.7
 2013 04 20 00 12 16.000    4.463  -36.364     .000  1070754.2    -.0275    -.2649     .0000    4418.1
 2013 04 20 00 12 17.000    4.435  -36.628     .000  1075186.3    -.0275    -.2625     .0000    4446.1
 2013 04 20 00 12 18.000    4.408  -36.889     .000  1079646.3    -.0275    -.2601     .0000    4473.8
 2013 04 20 00 12 19.000    4.380  -37.148     .000  1084133.7    -.0275    -.2577     .0000    4501.1
 2013 04 20 00 12 20.000    4.353  -37.404     .000  1088648.3    -.0275    -.2553     .0000    4528.0
 2013 04 20 00 12 21.000    4.325  -37.658     .000  1093189.6    -.0275    -.2529     .0000    4554.6
 2013 04 20 00 12 22.000    4.298  -37.910     .000  1097757.4    -.0275    -.2505     .0000    4580.9
 2013 04 20 00 12 23.000    4.271  -38.159     .000  1102351.4    -.0275    -.2482     .0000    4606.9
 2013 04 20 00 12 24.000    4.243  -38.407     .000  1106971.1    -.0275    -.2459     .0000    4632.5
 2013 04 20 00 12 25.000    4.216  -38.651     .000  1111616.3    -.0274    -.2436     .0000    4657.8
 2013 04 20 00 12 26.000    4.188  -38.894     .000  1116286.6    -.0274    -.2413     .0000    4682.8
 2013 04 20 00 12 27.000    4.161  -39.134     .000  1120981.7    -.0274    -.2390     .0000    4707.4
 2013 04 20 00 12 28.000    4.133  -39.372     .000  1125701.4    -.0274    -.2367     .0000    4731.8
 2013 04 20 00 12 29.000    4.106  -39.607     .000  1130445.2    -.0274    -.2345     .0000    4755.8
 2013 04 20 00 12 30.000    4.079  -39.841     .000  1135212.9    -.0274    -.2323     .0000    4779.6
 2013 04 20 00 12 31.000    4.051  -40.072     .000  1140004.2    -.0274    -.2301     .0000    4803.0
 2013 04 20 00 12 32.000    4.024  -40.301     .000  1144818.8    -.0274    -.2279     .0000    4826.1
 2013 04 20 00 12 33.000    3.996  -40.528     .000  1149656.3    -.0274    -.2257     .0000    4848.9
 2013 04 20 00 12 34.000    3.969  -40.752     .000  1154516.5    -.0273    -.2236     .0000    4871.5
 2013 04 20 00 12 35.000    3.942  -40.975     .000  1159399.1    -.0273    -.2214     .0000    4893.7
 2013 04 20 00 12 36.000    3.915  -41.195     .000  1164303.9    -.0273    -.2193     .0000    4915.7
 2013 04 20 00 12 37.000    3.887  -41.413     .000  1169230.4    -.0273    -.2172     .0000    4937.4
 2013 04 20 00 12 38.000    3.860  -41.630     .000  1174178.5    -.0273    -.2151     .0000    4958.8
 2013 04 20 00 12 39.000    3.833  -41.844     .000  1179147.8    -.0273    -.2130     .0000    4979.9
 2013 04 20 00 12 40.000    3.805  -42.056     .000  1184138.2    -.0272    -.2110     .0000    5000.7
 2013 04 20 00 12 41.000    3.778  -42.266     .000  1189149.2    -.0272    -.2090     .0000    5021.3
 2013 04 20 00 12 42.000    3.751  -42.474     .000  1194180.7    -.0272    -.2069     .0000    5041.6
 2013 04 20 00 12 43.000    3.724  -42.679     .000  1199232.4    -.0272    -.2049     .0000    5061.7
 2013 04 20 00 12 44.000    3.697  -42.883     .000  1204304.0    -.0272    -.2030     .0000    5081.5
 2013 04 20 00 12 45.000    3.670  -43.085     .000  1209395.3    -.0271    -.2010     .0000    5101.1
 2013 04 20 00 12 46.000    3.643  -43.285     .000  1214506.1    -.0271    -.1990     .0000    5120.3
 2013 04 20 00 12 47.000    3.615  -43.484     .000  1219636.0    -.0271    -.1971     .0000    5139.4
 2013 04 20 00 12 48.000    3.588  -43.680     .000  1224784.8    -.0271    -.1952     .0000    5158.2
 2013 04 20 00 12 49.000    3.561  -43.874     .000  1229952.3    -.0270    -.1933     .0000    5176.8
 2013 04 20 00 12 50.000    3.534  -44.066     .000  1235138.2    -.0270    -.1914     .0000    5195.1
 2013 04 20 00 12 51.000    3.507  -44.257     .000  1240342.3    -.0270    -.1896     .0000    5213.2
 2013 04 20 00 12 52.000    3.480  -44.445     .000  1245564.4    -.0270    -.1877     .0000    5231.0
 2013 04 20 00 12 53.000    3.453  -44.632     .000  1250804.3    -.0269    -.1859     .0000    5248.6
 2013 04 20 00 12 54.000    3.427  -44.817     .000  1256061.6    -.0269    -.1841     .0000    5266.0
 2013 04 20 00 12 54.997    3.400  -45.000     .000  1261319.1    -.0269    -.1823     .0000    5283.1
 
 2013 04 20 12 26  6.631  -33.748   45.000     .000  1635847.5    -.0190    -.1296     .0000   -5442.5
 2013 04 20 12 26  7.000  -33.755   44.952     .000  1633841.2    -.0189    -.1300     .0000   -5438.3
 2013 04 20 12 26  8.000  -33.774   44.822     .000  1628408.6    -.0188    -.1310     .0000   -5426.7
 2013 04 20 12 26  9.000  -33.793   44.690     .000  1622987.7    -.0186    -.1321     .0000   -5415.0
 2013 04 20 12 26 10.000  -33.811   44.557     .000  1617578.6    -.0185    -.1331     .0000   -5403.2
 2013 04 20 12 26 11.000  -33.830   44.424     .000  1612181.3    -.0183    -.1342     .0000   -5391.3
 2013 04 20 12 26 12.000  -33.848   44.289     .000  1606796.0    -.0182    -.1353     .0000   -5379.2
 2013 04 20 12 26 13.000  -33.866   44.153     .000  1601422.9    -.0180    -.1364     .0000   -5367.0
 2013 04 20 12 26 14.000  -33.884   44.016     .000  1596062.0    -.0179    -.1375     .0000   -5354.7
 2013 04 20 12 26 15.000  -33.902   43.878     .000  1590713.5    -.0177    -.1386     .0000   -5342.3
 2013 04 20 12 26 16.000  -33.920   43.739     .000  1585377.5    -.0176    -.1397     .0000   -5329.7
 2013 04 20 12 26 17.000  -33.937   43.599     .000  1580054.2    -.0174    -.1408     .0000   -5316.9
 2013 04 20 12 26 18.000  -33.954   43.457     .000  1574743.7    -.0173    -.1419     .0000   -5304.1
 2013 04 20 12 26 19.000  -33.972   43.315     .000  1569446.1    -.0171    -.1431     .0000   -5291.1
 2013 04 20 12 26 20.000  -33.989   43.171     .000  1564161.6    -.0170    -.1442     .0000   -5278.0
 2013 04 20 12 26 21.000  -34.006   43.026     .000  1558890.3    -.0168    -.1454     .0000   -5264.7
 2013 04 20 12 26 22.000  -34.022   42.880     .000  1553632.3    -.0167    -.1465     .0000   -5251.3
 2013 04 20 12 26 23.000  -34.039   42.733     .000  1548387.8    -.0165    -.1477     .0000   -5237.7
 2013 04 20 12 26 24.000  -34.055   42.585     .000  1543156.9    -.0163    -.1489     .0000   -5224.0
 2013 04 20 12 26 25.000  -34.072   42.435     .000  1537939.8    -.0162    -.1501     .0000   -5210.2
 2013 04 20 12 26 26.000  -34.088   42.285     .000  1532736.7    -.0160    -.1513     .0000   -5196.2
 2013 04 20 12 26 27.000  -34.104   42.133     .000  1527547.6    -.0159    -.1525     .0000   -5182.0
 2013 04 20 12 26 28.000  -34.119   41.980     .000  1522372.7    -.0157    -.1537     .0000   -5167.7
 2013 04 20 12 26 29.000  -34.135   41.825     .000  1517212.2    -.0155    -.1549     .0000   -5153.3
 2013 04 20 12 26 30.000  -34.151   41.670     .000  1512066.2    -.0154    -.1562     .0000   -5138.7
 2013 04 20 12 26 31.000  -34.166   41.513     .000  1506935.0    -.0152    -.1574     .0000   -5123.9
 2013 04 20 12 26 32.000  -34.181   41.355     .000  1501818.5    -.0150    -.1586     .0000   -5109.0
 2013 04 20 12 26 33.000  -34.196   41.196     .000  1496717.1    -.0149    -.1599     .0000   -5093.9
 2013 04 20 12 26 34.000  -34.211   41.035     .000  1491630.8    -.0147    -.1612     .0000   -5078.7
 2013 04 20 12 26 35.000  -34.225   40.873     .000  1486559.8    -.0146    -.1625     .0000   -5063.3
 2013 04 20 12 26 36.000  -34.240   40.710     .000  1481504.3    -.0144    -.1637     .0000   -5047.7
 2013 04 20 12 26 37.000  -34.254   40.546     .000  1476464.5    -.0142    -.1650     .0000   -5032.0
 2013 04 20 12 26 38.000  -34.268   40.380     .000  1471440.5    -.0141    -.1663     .0000   -5016.1
 2013 04 20 12 26 39.000  -34.282   40.213     .000  1466432.5    -.0139    -.1677     .0000   -5000.0
 2013 04 20 12 26 40.000  -34.296   40.045     .000  1461440.6    -.0137    -.1690     .0000   -4983.7
 2013 04 20 12 26 41.000  -34.310   39.875     .000  1456465.1    -.0135    -.1703     .0000   -4967.3
 2013 04 20 12 26 42.000  -34.323   39.704     .000  1451506.0    -.0134    -.1717     .0000   -4950.7
 2013 04 20 12 26 43.000  -34.337   39.532     .000  1446563.6    -.0132    -.1730     .0000   -4934.0
 2013 04 20 12 26 44.000  -34.350   39.358     .000  1441638.1    -.0130    -.1744     .0000   -4917.0
 2013 04 20 12 26 45.000  -34.363   39.183     .000  1436729.7    -.0129    -.1757     .0000   -4899.9
 2013 04 20 12 26 46.000  -34.375   39.007     .000  1431838.4    -.0127    -.1771     .0000   -4882.6
 2013 04 20 12 26 47.000  -34.388   38.829     .000  1426964.5    -.0125    -.1785     .0000   -4865.1
 2013 04 20 12 26 48.000  -34.400   38.650     .000  1422108.3    -.0123    -.1799     .0000   -4847.4
 2013 04 20 12 26 49.000  -34.413   38.469     .000  1417269.8    -.0122    -.1813     .0000   -4829.6
 2013 04 20 12 26 50.000  -34.425   38.287     .000  1412449.2    -.0120    -.1827     .0000   -4811.5
 2013 04 20 12 26 51.000  -34.437   38.104     .000  1407646.8    -.0118    -.1842     .0000   -4793.3
 2013 04 20 12 26 52.000  -34.448   37.919     .000  1402862.8    -.0116    -.1856     .0000   -4774.8
 2013 04 20 12 26 53.000  -34.460   37.732     .000  1398097.3    -.0114    -.1870     .0000   -4756.2
 2013 04 20 12 26 54.000  -34.471   37.545     .000  1393350.5    -.0113    -.1885     .0000   -4737.3
 2013 04 20 12 26 55.000  -34.482   37.355     .000  1388622.7    -.0111    -.1899     .0000   -4718.3
 2013 04 20 12 26 56.000  -34.493   37.165     .000  1383913.9    -.0109    -.1914     .0000   -4699.1
 2013 04 20 12 26 57.000  -34.504   36.973     .000  1379224.6    -.0107    -.1929     .0000   -4679.6
 2013 04 20 12 26 58.000  -34.515   36.779     .000  1374554.7    -.0105    -.1944     .0000   -4660.0
 2013 04 20 12 26 59.000  -34.525   36.584     .000  1369904.6    -.0104    -.1959     .0000   -4640.2
 2013 04 20 12 27   .000  -34.536   36.387     .000  1365274.5    -.0102    -.1974     .0000   -4620.1
 2013 04 20 12 27  1.000  -34.546   36.189     .000  1360664.5    -.0100    -.1989     .0000   -4599.8
 2013 04 20 12 27  2.000  -34.556   35.989     .000  1356074.9    -.0098    -.2004     .0000   -4579.4
 2013 04 20 12 27  3.000  -34.565   35.788     .000  1351505.8    -.0096    -.2019     .0000   -4558.7
 2013 04 20 12 27  4.000  -34.575   35.585     .000  1346957.6    -.0094    -.2035     .0000   -4537.8
 2013 04 20 12 27  5.000  -34.584   35.381     .000  1342430.4    -.0092    -.2050     .0000   -4516.6
 2013 04 20 12 27  6.000  -34.593   35.175     .000  1337924.4    -.0091    -.2066     .0000   -4495.3
 2013 04 20 12 27  7.000  -34.602   34.968     .000  1333439.9    -.0089    -.2082     .0000   -4473.7
 2013 04 20 12 27  8.000  -34.611   34.759     .000  1328977.1    -.0087    -.2097     .0000   -4451.9
 2013 04 20 12 27  9.000  -34.620   34.549     .000  1324536.1    -.0085    -.2113     .0000   -4429.9
 2013 04 20 12 27 10.000  -34.628   34.336     .000  1320117.3    -.0083    -.2129     .0000   -4407.7
 2013 04 20 12 27 11.000  -34.636   34.123     .000  1315720.9    -.0081    -.2145     .0000   -4385.2
 2013 04 20 12 27 12.000  -34.644   33.907     .000  1311347.0    -.0079    -.2161     .0000   -4362.5
 2013 04 20 12 27 13.000  -34.652   33.691     .000  1306996.0    -.0077    -.2177     .0000   -4339.5
 2013 04 20 12 27 14.000  -34.660   33.472     .000  1302668.0    -.0075    -.2193     .0000   -4316.4
 2013 04 20 12 27 15.000  -34.667   33.252     .000  1298363.4    -.0073    -.2209     .0000   -4292.9
 2013 04 20 12 27 16.000  -34.675   33.030     .000  1294082.2    -.0072    -.2226     .0000   -4269.3
 2013 04 20 12 27 17.000  -34.682   32.807     .000  1289824.9    -.0070    -.2242     .0000   -4245.4
 2013 04 20 12 27 18.000  -34.689   32.582     .000  1285591.5    -.0068    -.2259     .0000   -4221.3
 2013 04 20 12 27 19.000  -34.695   32.355     .000  1281382.4    -.0066    -.2275     .0000   -4196.9
 2013 04 20 12 27 20.000  -34.702   32.127     .000  1277197.8    -.0064    -.2292     .0000   -4172.3
 2013 04 20 12 27 21.000  -34.708   31.897     .000  1273038.0    -.0062    -.2308     .0000   -4147.4
 2013 04 20 12 27 22.000  -34.714   31.665     .000  1268903.1    -.0060    -.2325     .0000   -4122.3
 2013 04 20 12 27 23.000  -34.720   31.432     .000  1264793.5    -.0058    -.2342     .0000   -4096.9
 2013 04 20 12 27 24.000  -34.726   31.197     .000  1260709.4    -.0056    -.2359     .0000   -4071.3
 2013 04 20 12 27 25.000  -34.731   30.960     .000  1256651.1    -.0054    -.2376     .0000   -4045.4
 2013 04 20 12 27 26.000  -34.736   30.721     .000  1252618.7    -.0052    -.2393     .0000   -4019.2
 2013 04 20 12 27 27.000  -34.741   30.481     .000  1248612.7    -.0050    -.2410     .0000   -3992.8
 2013 04 20 12 27 28.000  -34.746   30.239     .000  1244633.1    -.0048    -.2427     .0000   -3966.2
 2013 04 20 12 27 29.000  -34.751   29.996     .000  1240680.4    -.0046    -.2444     .0000   -3939.3
 2013 04 20 12 27 30.000  -34.756   29.751     .000  1236754.7    -.0044    -.2461     .0000   -3912.1
 2013 04 20 12 27 31.000  -34.760   29.504     .000  1232856.3    -.0042    -.2478     .0000   -3884.6
 2013 04 20 12 27 32.000  -34.764   29.255     .000  1228985.5    -.0040    -.2495     .0000   -3856.9
 2013 04 20 12 27 33.000  -34.768   29.005     .000  1225142.5    -.0038    -.2513     .0000   -3829.0
 2013 04 20 12 27 34.000  -34.772   28.753     .000  1221327.6    -.0036    -.2530     .0000   -3800.7
 2013 04 20 12 27 35.000  -34.775   28.499     .000  1217541.2    -.0034    -.2547     .0000   -3772.2
 2013 04 20 12 27 36.000  -34.778   28.243     .000  1213783.3    -.0032    -.2565     .0000   -3743.4
 2013 04 20 12 27 37.000  -34.781   27.986     .000  1210054.4    -.0030    -.2582     .0000   -3714.3
 2013 04 20 12 27 38.000  -34.784   27.727     .000  1206354.7    -.0028    -.2599     .0000   -3685.0
 2013 04 20 12 27 39.000  -34.787   27.466     .000  1202684.5    -.0026    -.2617     .0000   -3655.4
 2013 04 20 12 27 40.000  -34.789   27.203     .000  1199044.0    -.0023    -.2634     .0000   -3625.5
 2013 04 20 12 27 41.000  -34.792   26.939     .000  1195433.5    -.0021    -.2652     .0000   -3595.4
 2013 04 20 12 27 42.000  -34.794   26.673     .000  1191853.4    -.0019    -.2669     .0000   -3564.9
 2013 04 20 12 27 43.000  -34.795   26.405     .000  1188303.8    -.0017    -.2687     .0000   -3534.2
 2013 04 20 12 27 44.000  -34.797   26.136     .000  1184785.1    -.0015    -.2704     .0000   -3503.2
 2013 04 20 12 27 45.000  -34.798   25.864     .000  1181297.5    -.0013    -.2722     .0000   -3471.9
 2013 04 20 12 27 46.000  -34.800   25.591     .000  1177841.3    -.0011    -.2739     .0000   -3440.4
 2013 04 20 12 27 47.000  -34.801   25.317     .000  1174416.9    -.0009    -.2756     .0000   -3408.5
 2013 04 20 12 27 48.000  -34.801   25.040     .000  1171024.4    -.0007    -.2774     .0000   -3376.4
 2013 04 20 12 27 49.000  -34.802   24.762     .000  1167664.2    -.0005    -.2791     .0000   -3344.0
 2013 04 20 12 27 50.000  -34.802   24.482     .000  1164336.6    -.0003    -.2809     .0000   -3311.3
 2013 04 20 12 27 51.000  -34.803   24.200     .000  1161041.7     .0000    -.2826     .0000   -3278.3
 2013 04 20 12 27 52.000  -34.803   23.917     .000  1157780.1     .0002    -.2843     .0000   -3245.0
 2013 04 20 12 27 53.000  -34.802   23.631     .000  1154551.8     .0004    -.2861     .0000   -3211.5
 2013 04 20 12 27 54.000  -34.802   23.344     .000  1151357.2     .0006    -.2878     .0000   -3177.6
 2013 04 20 12 27 55.000  -34.801   23.056     .000  1148196.6     .0008    -.2895     .0000   -3143.5
 2013 04 20 12 27 56.000  -34.800   22.765     .000  1145070.2     .0010    -.2913     .0000   -3109.1
 2013 04 20 12 27 57.000  -34.799   22.473     .000  1141978.5     .0012    -.2930     .0000   -3074.4
 2013 04 20 12 27 58.000  -34.798   22.179     .000  1138921.5     .0014    -.2947     .0000   -3039.4
 2013 04 20 12 27 59.000  -34.796   21.884     .000  1135899.7     .0017    -.2964     .0000   -3004.2
 2013 04 20 12 28   .000  -34.794   21.587     .000  1132913.2     .0019    -.2981     .0000   -2968.6
 2013 04 20 12 28  1.000  -34.792   21.288     .000  1129962.5     .0021    -.2998     .0000   -2932.8
 2013 04 20 12 28  2.000  -34.790   20.987     .000  1127047.8     .0023    -.3014     .0000   -2896.7
 2013 04 20 12 28  3.000  -34.788   20.685     .000  1124169.3     .0025    -.3031     .0000   -2860.3
 2013 04 20 12 28  4.000  -34.785   20.381     .000  1121327.3     .0027    -.3048     .0000   -2823.6
 2013 04 20 12 28  5.000  -34.782   20.075     .000  1118522.2     .0029    -.3064     .0000   -2786.6
 2013 04 20 12 28  6.000  -34.779   19.768     .000  1115754.2     .0032    -.3081     .0000   -2749.4
 2013 04 20 12 28  7.000  -34.776   19.459     .000  1113023.5     .0034    -.3097     .0000   -2711.8
 2013 04 20 12 28  8.000  -34.773   19.148     .000  1110330.6     .0036    -.3113     .0000   -2674.0
 2013 04 20 12 28  9.000  -34.769   18.836     .000  1107675.6     .0038    -.3130     .0000   -2635.9
 2013 04 20 12 28 10.000  -34.765   18.523     .000  1105058.8     .0040    -.3146     .0000   -2597.6
 2013 04 20 12 28 11.000  -34.761   18.207     .000  1102480.5     .0042    -.3161     .0000   -2558.9
 2013 04 20 12 28 12.000  -34.757   17.890     .000  1099941.0     .0045    -.3177     .0000   -2520.0
 2013 04 20 12 28 13.000  -34.752   17.572     .000  1097440.5     .0047    -.3193     .0000   -2480.8
 2013 04 20 12 28 14.000  -34.747   17.252     .000  1094979.4     .0049    -.3208     .0000   -2441.4
 2013 04 20 12 28 15.000  -34.742   16.930     .000  1092557.8     .0051    -.3224     .0000   -2401.7
 2013 04 20 12 28 16.000  -34.737   16.607     .000  1090176.1     .0053    -.3239     .0000   -2361.7
 2013 04 20 12 28 17.000  -34.731   16.282     .000  1087834.6     .0056    -.3254     .0000   -2321.4
 2013 04 20 12 28 18.000  -34.726   15.956     .000  1085533.4     .0058    -.3269     .0000   -2280.9
 2013 04 20 12 28 19.000  -34.720   15.629     .000  1083272.8     .0060    -.3283     .0000   -2240.1
 2013 04 20 12 28 20.000  -34.714   15.299     .000  1081053.2     .0062    -.3298     .0000   -2199.1
 2013 04 20 12 28 21.000  -34.707   14.969     .000  1078874.7     .0064    -.3312     .0000   -2157.8
 2013 04 20 12 28 22.000  -34.701   14.637     .000  1076737.6     .0067    -.3326     .0000   -2116.3
 2013 04 20 12 28 23.000  -34.694   14.304     .000  1074642.2     .0069    -.3340     .0000   -2074.5
 2013 04 20 12 28 24.000  -34.687   13.969     .000  1072588.7     .0071    -.3354     .0000   -2032.5
 2013 04 20 12 28 25.000  -34.680   13.633     .000  1070577.4     .0073    -.3368     .0000   -1990.2
 2013 04 20 12 28 26.000  -34.672   13.295     .000  1068608.5     .0076    -.3381     .0000   -1947.7
 2013 04 20 12 28 27.000  -34.665   12.957     .000  1066682.2     .0078    -.3394     .0000   -1904.9
 2013 04 20 12 28 28.000  -34.657   12.617     .000  1064798.7     .0080    -.3407     .0000   -1861.9
 2013 04 20 12 28 29.000  -34.649   12.275     .000  1062958.4     .0082    -.3419     .0000   -1818.7
 2013 04 20 12 28 30.000  -34.641   11.933     .000  1061161.4     .0084    -.3432     .0000   -1775.3
 2013 04 20 12 28 31.000  -34.632   11.589     .000  1059407.9     .0087    -.3444     .0000   -1731.6
 2013 04 20 12 28 32.000  -34.623   11.244     .000  1057698.2     .0089    -.3456     .0000   -1687.7
 2013 04 20 12 28 33.000  -34.614   10.898     .000  1056032.5     .0091    -.3468     .0000   -1643.6
 2013 04 20 12 28 34.000  -34.605   10.550     .000  1054411.0     .0093    -.3479     .0000   -1599.3
 2013 04 20 12 28 35.000  -34.596   10.202     .000  1052833.9     .0096    -.3490     .0000   -1554.8
 2013 04 20 12 28 36.000  -34.586    9.852     .000  1051301.4     .0098    -.3501     .0000   -1510.1
 2013 04 20 12 28 37.000  -34.576    9.502     .000  1049813.7     .0100    -.3512     .0000   -1465.2
 2013 04 20 12 28 38.000  -34.566    9.150     .000  1048371.0     .0102    -.3522     .0000   -1420.1
 2013 04 20 12 28 39.000  -34.556    8.797     .000  1046973.5     .0104    -.3532     .0000   -1374.9
 2013 04 20 12 28 40.000  -34.545    8.444     .000  1045621.4     .0107    -.3542     .0000   -1329.4
 2013 04 20 12 28 41.000  -34.534    8.089     .000  1044314.8     .0109    -.3551     .0000   -1283.8
 2013 04 20 12 28 42.000  -34.523    7.733     .000  1043053.9     .0111    -.3560     .0000   -1238.0
 2013 04 20 12 28 43.000  -34.512    7.377     .000  1041838.9     .0113    -.3569     .0000   -1192.0
 2013 04 20 12 28 44.000  -34.501    7.020     .000  1040670.0     .0116    -.3578     .0000   -1145.8
 2013 04 20 12 28 45.000  -34.489    6.661     .000  1039547.3     .0118    -.3586     .0000   -1099.6
 2013 04 20 12 28 46.000  -34.477    6.302     .000  1038470.9     .0120    -.3594     .0000   -1053.1
 2013 04 20 12 28 47.000  -34.465    5.943     .000  1037441.1     .0122    -.3602     .0000   -1006.5
 2013 04 20 12 28 48.000  -34.453    5.582     .000  1036457.9     .0125    -.3609     .0000    -959.8
 2013 04 20 12 28 49.000  -34.440    5.221     .000  1035521.5     .0127    -.3616     .0000    -913.0
 2013 04 20 12 28 50.000  -34.427    4.859     .000  1034632.0     .0129    -.3622     .0000    -866.0
 2013 04 20 12 28 51.000  -34.414    4.496     .000  1033789.6     .0131    -.3629     .0000    -818.9
 2013 04 20 12 28 52.000  -34.401    4.133     .000  1032994.3     .0133    -.3635     .0000    -771.7
 2013 04 20 12 28 53.000  -34.387    3.769     .000  1032246.2     .0136    -.3640     .0000    -724.4
 2013 04 20 12 28 54.000  -34.374    3.405     .000  1031545.6     .0138    -.3645     .0000    -676.9
 2013 04 20 12 28 55.000  -34.360    3.040     .000  1030892.4     .0140    -.3650     .0000    -629.4
 2013 04 20 12 28 56.000  -34.346    2.675     .000  1030286.7     .0142    -.3655     .0000    -581.8
 2013 04 20 12 28 57.000  -34.331    2.309     .000  1029728.8     .0145    -.3659     .0000    -534.1
 2013 04 20 12 28 58.000  -34.317    1.943     .000  1029218.5     .0147    -.3663     .0000    -486.4
 2013 04 20 12 28 59.000  -34.302    1.577     .000  1028756.0     .0149    -.3666     .0000    -438.5
 2013 04 20 12 29   .000  -34.287    1.210     .000  1028341.4     .0151    -.3669     .0000    -390.6
 2013 04 20 12 29  1.000  -34.272     .843     .000  1027974.7     .0154    -.3672     .0000    -342.7
 2013 04 20 12 29  2.000  -34.256     .476     .000  1027656.0     .0156    -.3674     .0000    -294.7
 2013 04 20 12 29  3.000  -34.241     .108     .000  1027385.4     .0158    -.3676     .0000    -246.7
 2013 04 20 12 29  4.000  -34.225    -.260     .000  1027162.7     .0160    -.3678     .0000    -198.6
 2013 04 20 12 29  5.000  -34.209    -.628     .000  1026988.2     .0163    -.3679     .0000    -150.5
 2013 04 20 12 29  6.000  -34.192    -.996     .000  1026861.8     .0165    -.3680     .0000    -102.3
 2013 04 20 12 29  7.000  -34.176   -1.364     .000  1026783.5     .0167    -.3681     .0000     -54.2
 2013 04 20 12 29  8.000  -34.159   -1.732     .000  1026753.4     .0169    -.3681     .0000      -6.0
 2013 04 20 12 29  9.000  -34.142   -2.100     .000  1026771.5     .0171    -.3681     .0000      42.1
 2013 04 20 12 29 10.000  -34.124   -2.468     .000  1026837.6     .0174    -.3680     .0000      90.3
 2013 04 20 12 29 11.000  -34.107   -2.836     .000  1026952.0     .0176    -.3679     .0000     138.4
 2013 04 20 12 29 12.000  -34.089   -3.204     .000  1027114.4     .0178    -.3678     .0000     186.5
 2013 04 20 12 29 13.000  -34.071   -3.571     .000  1027325.0     .0180    -.3676     .0000     234.6
 2013 04 20 12 29 14.000  -34.053   -3.939     .000  1027583.7     .0183    -.3674     .0000     282.7
 2013 04 20 12 29 15.000  -34.035   -4.306     .000  1027890.4     .0185    -.3672     .0000     330.7
 2013 04 20 12 29 16.000  -34.016   -4.673     .000  1028245.1     .0187    -.3669     .0000     378.7
 2013 04 20 12 29 17.000  -33.998   -5.040     .000  1028647.7     .0189    -.3666     .0000     426.6
 2013 04 20 12 29 18.000  -33.978   -5.407     .000  1029098.3     .0191    -.3662     .0000     474.5
 2013 04 20 12 29 19.000  -33.959   -5.773     .000  1029596.6     .0194    -.3658     .0000     522.3
 2013 04 20 12 29 20.000  -33.940   -6.138     .000  1030142.8     .0196    -.3654     .0000     570.0
 2013 04 20 12 29 21.000  -33.920   -6.503     .000  1030736.6     .0198    -.3650     .0000     617.7
 2013 04 20 12 29 22.000  -33.900   -6.868     .000  1031378.1     .0200    -.3645     .0000     665.2
 2013 04 20 12 29 23.000  -33.880   -7.232     .000  1032067.0     .0202    -.3639     .0000     712.7
 2013 04 20 12 29 24.000  -33.860   -7.596     .000  1032803.4     .0205    -.3634     .0000     760.1
 2013 04 20 12 29 25.000  -33.839   -7.959     .000  1033587.1     .0207    -.3628     .0000     807.3
 2013 04 20 12 29 26.000  -33.818   -8.322     .000  1034418.1     .0209    -.3621     .0000     854.5
 2013 04 20 12 29 27.000  -33.797   -8.683     .000  1035296.1     .0211    -.3615     .0000     901.5
 2013 04 20 12 29 28.000  -33.776   -9.045     .000  1036221.1     .0213    -.3608     .0000     948.5
 2013 04 20 12 29 29.000  -33.755   -9.405     .000  1037193.0     .0215    -.3600     .0000     995.3
 2013 04 20 12 29 30.000  -33.733   -9.765     .000  1038211.6     .0218    -.3593     .0000    1041.9
 2013 04 20 12 29 31.000  -33.711  -10.124     .000  1039276.7     .0220    -.3585     .0000    1088.4
 2013 04 20 12 29 32.000  -33.689  -10.482     .000  1040388.4     .0222    -.3577     .0000    1134.8
 2013 04 20 12 29 33.000  -33.667  -10.839     .000  1041546.3     .0224    -.3568     .0000    1181.0
 2013 04 20 12 29 34.000  -33.644  -11.195     .000  1042750.3     .0226    -.3559     .0000    1227.1
 2013 04 20 12 29 35.000  -33.622  -11.551     .000  1044000.4     .0228    -.3550     .0000    1273.0
 2013 04 20 12 29 36.000  -33.599  -11.905     .000  1045296.2     .0231    -.3540     .0000    1318.7
 2013 04 20 12 29 37.000  -33.575  -12.259     .000  1046637.7     .0233    -.3530     .0000    1364.3
 2013 04 20 12 29 38.000  -33.552  -12.611     .000  1048024.7     .0235    -.3520     .0000    1409.6
 2013 04 20 12 29 39.000  -33.528  -12.963     .000  1049457.0     .0237    -.3510     .0000    1454.8
 2013 04 20 12 29 40.000  -33.505  -13.313     .000  1050934.3     .0239    -.3499     .0000    1499.8
 2013 04 20 12 29 41.000  -33.481  -13.663     .000  1052456.6     .0241    -.3488     .0000    1544.7
 2013 04 20 12 29 42.000  -33.456  -14.011     .000  1054023.6     .0243    -.3477     .0000    1589.3
 2013 04 20 12 29 43.000  -33.432  -14.358     .000  1055635.1     .0246    -.3466     .0000    1633.7
 2013 04 20 12 29 44.000  -33.407  -14.704     .000  1057290.9     .0248    -.3454     .0000    1677.9
 2013 04 20 12 29 45.000  -33.382  -15.049     .000  1058990.8     .0250    -.3442     .0000    1721.9
 2013 04 20 12 29 46.000  -33.357  -15.392     .000  1060734.7     .0252    -.3430     .0000    1765.7
 2013 04 20 12 29 47.000  -33.332  -15.735     .000  1062522.1     .0254    -.3417     .0000    1809.2
 2013 04 20 12 29 48.000  -33.307  -16.076     .000  1064353.1     .0256    -.3404     .0000    1852.6
 2013 04 20 12 29 49.000  -33.281  -16.416     .000  1066227.2     .0258    -.3391     .0000    1895.7
 2013 04 20 12 29 50.000  -33.255  -16.754     .000  1068144.4     .0260    -.3378     .0000    1938.6
 2013 04 20 12 29 51.000  -33.229  -17.091     .000  1070104.3     .0262    -.3365     .0000    1981.2
 2013 04 20 12 29 52.000  -33.202  -17.427     .000  1072106.8     .0264    -.3351     .0000    2023.6
 2013 04 20 12 29 53.000  -33.176  -17.761     .000  1074151.6     .0267    -.3337     .0000    2065.8
 2013 04 20 12 29 54.000  -33.149  -18.094     .000  1076238.4     .0269    -.3323     .0000    2107.7
 2013 04 20 12 29 55.000  -33.122  -18.426     .000  1078367.0     .0271    -.3309     .0000    2149.4
 2013 04 20 12 29 56.000  -33.095  -18.756     .000  1080537.1     .0273    -.3295     .0000    2190.9
 2013 04 20 12 29 57.000  -33.068  -19.085     .000  1082748.6     .0275    -.3280     .0000    2232.0
 2013 04 20 12 29 58.000  -33.040  -19.412     .000  1085001.1     .0277    -.3265     .0000    2273.0
 2013 04 20 12 29 59.000  -33.012  -19.738     .000  1087294.4     .0279    -.3250     .0000    2313.6
 2013 04 20 12 30   .000  -32.984  -20.062     .000  1089628.3     .0281    -.3235     .0000    2354.0
 2013 04 20 12 30  1.000  -32.956  -20.385     .000  1092002.4     .0283    -.3220     .0000    2394.2
 2013 04 20 12 30  2.000  -32.928  -20.706     .000  1094416.5     .0285    -.3204     .0000    2434.0
 2013 04 20 12 30  3.000  -32.899  -21.026     .000  1096870.4     .0287    -.3189     .0000    2473.7
 2013 04 20 12 30  4.000  -32.870  -21.344     .000  1099363.7     .0289    -.3173     .0000    2513.0
 2013 04 20 12 30  5.000  -32.841  -21.660     .000  1101896.3     .0291    -.3157     .0000    2552.1
 2013 04 20 12 30  6.000  -32.812  -21.975     .000  1104467.8     .0293    -.3141     .0000    2590.9
 2013 04 20 12 30  7.000  -32.783  -22.289     .000  1107077.9     .0295    -.3125     .0000    2629.4
 2013 04 20 12 30  8.000  -32.753  -22.600     .000  1109726.5     .0297    -.3109     .0000    2667.6
 2013 04 20 12 30  9.000  -32.723  -22.910     .000  1112413.1     .0299    -.3092     .0000    2705.6
 2013 04 20 12 30 10.000  -32.693  -23.219     .000  1115137.6     .0301    -.3076     .0000    2743.3
 2013 04 20 12 30 11.000  -32.663  -23.526     .000  1117899.6     .0303    -.3059     .0000    2780.7
 2013 04 20 12 30 12.000  -32.633  -23.831     .000  1120698.9     .0305    -.3042     .0000    2817.8
 2013 04 20 12 30 13.000  -32.602  -24.134     .000  1123535.2     .0307    -.3026     .0000    2854.7
 2013 04 20 12 30 14.000  -32.571  -24.436     .000  1126408.2     .0309    -.3009     .0000    2891.3
 2013 04 20 12 30 15.000  -32.540  -24.736     .000  1129317.7     .0311    -.2992     .0000    2927.6
 2013 04 20 12 30 16.000  -32.509  -25.034     .000  1132263.2     .0313    -.2975     .0000    2963.6
 2013 04 20 12 30 17.000  -32.478  -25.331     .000  1135244.7     .0315    -.2958     .0000    2999.3
 2013 04 20 12 30 18.000  -32.446  -25.626     .000  1138261.7     .0317    -.2940     .0000    3034.7
 2013 04 20 12 30 19.000  -32.414  -25.919     .000  1141314.0     .0319    -.2923     .0000    3069.9
 2013 04 20 12 30 20.000  -32.382  -26.210     .000  1144401.4     .0321    -.2906     .0000    3104.7
 2013 04 20 12 30 21.000  -32.350  -26.500     .000  1147523.4     .0322    -.2889     .0000    3139.3
 2013 04 20 12 30 22.000  -32.318  -26.788     .000  1150679.9     .0324    -.2871     .0000    3173.6
 2013 04 20 12 30 23.000  -32.285  -27.074     .000  1153870.5     .0326    -.2854     .0000    3207.6
 2013 04 20 12 30 24.000  -32.253  -27.359     .000  1157095.0     .0328    -.2836     .0000    3241.3
 2013 04 20 12 30 25.000  -32.220  -27.642     .000  1160353.1     .0330    -.2819     .0000    3274.8
 2013 04 20 12 30 26.000  -32.187  -27.923     .000  1163644.5     .0332    -.2801     .0000    3307.9
 2013 04 20 12 30 27.000  -32.153  -28.202     .000  1166968.9     .0334    -.2784     .0000    3340.8
 2013 04 20 12 30 28.000  -32.120  -28.479     .000  1170326.1     .0336    -.2766     .0000    3373.4
 2013 04 20 12 30 29.000  -32.086  -28.755     .000  1173715.7     .0337    -.2748     .0000    3405.7
 2013 04 20 12 30 30.000  -32.052  -29.029     .000  1177137.4     .0339    -.2731     .0000    3437.7
 2013 04 20 12 30 31.000  -32.018  -29.301     .000  1180591.0     .0341    -.2713     .0000    3469.5
 2013 04 20 12 30 32.000  -31.984  -29.572     .000  1184076.2     .0343    -.2695     .0000    3500.9
 2013 04 20 12 30 33.000  -31.950  -29.840     .000  1187592.8     .0345    -.2678     .0000    3532.1
 2013 04 20 12 30 34.000  -31.915  -30.107     .000  1191140.4     .0347    -.2660     .0000    3563.0
 2013 04 20 12 30 35.000  -31.880  -30.372     .000  1194718.7     .0348    -.2643     .0000    3593.6
 2013 04 20 12 30 36.000  -31.845  -30.636     .000  1198327.5     .0350    -.2625     .0000    3624.0
 2013 04 20 12 30 37.000  -31.810  -30.897     .000  1201966.5     .0352    -.2607     .0000    3654.0
 2013 04 20 12 30 38.000  -31.775  -31.157     .000  1205635.5     .0354    -.2590     .0000    3683.8
 2013 04 20 12 30 39.000  -31.740  -31.415     .000  1209334.0     .0356    -.2572     .0000    3713.3
 2013 04 20 12 30 40.000  -31.704  -31.672     .000  1213062.0     .0357    -.2555     .0000    3742.6
 2013 04 20 12 30 41.000  -31.668  -31.926     .000  1216819.1     .0359    -.2537     .0000    3771.5
 2013 04 20 12 30 42.000  -31.632  -32.179     .000  1220605.0     .0361    -.2519     .0000    3800.2
 2013 04 20 12 30 43.000  -31.596  -32.430     .000  1224419.4     .0363    -.2502     .0000    3828.6
 2013 04 20 12 30 44.000  -31.560  -32.679     .000  1228262.2     .0364    -.2485     .0000    3856.8
 2013 04 20 12 30 45.000  -31.523  -32.927     .000  1232132.9     .0366    -.2467     .0000    3884.7
 2013 04 20 12 30 46.000  -31.486  -33.173     .000  1236031.4     .0368    -.2450     .0000    3912.3
 2013 04 20 12 30 47.000  -31.450  -33.417     .000  1239957.4     .0369    -.2432     .0000    3939.7
 2013 04 20 12 30 48.000  -31.412  -33.659     .000  1243910.7     .0371    -.2415     .0000    3966.8
 2013 04 20 12 30 49.000  -31.375  -33.900     .000  1247890.9     .0373    -.2398     .0000    3993.6
 2013 04 20 12 30 50.000  -31.338  -34.139     .000  1251897.8     .0374    -.2381     .0000    4020.2
 2013 04 20 12 30 51.000  -31.300  -34.376     .000  1255931.1     .0376    -.2364     .0000    4046.5
 2013 04 20 12 30 52.000  -31.263  -34.612     .000  1259990.6     .0378    -.2347     .0000    4072.5
 2013 04 20 12 30 53.000  -31.225  -34.846     .000  1264076.1     .0379    -.2329     .0000    4098.3
 2013 04 20 12 30 54.000  -31.187  -35.078     .000  1268187.2     .0381    -.2313     .0000    4123.9
 2013 04 20 12 30 55.000  -31.149  -35.308     .000  1272323.8     .0383    -.2296     .0000    4149.2
 2013 04 20 12 30 56.000  -31.110  -35.537     .000  1276485.5     .0384    -.2279     .0000    4174.2
 2013 04 20 12 30 57.000  -31.072  -35.764     .000  1280672.2     .0386    -.2262     .0000    4199.0
 2013 04 20 12 30 58.000  -31.033  -35.989     .000  1284883.5     .0388    -.2245     .0000    4223.6
 2013 04 20 12 30 59.000  -30.994  -36.213     .000  1289119.2     .0389    -.2229     .0000    4247.9
 2013 04 20 12 31   .000  -30.955  -36.435     .000  1293379.2     .0391    -.2212     .0000    4272.0
 2013 04 20 12 31  1.000  -30.916  -36.655     .000  1297663.1     .0392    -.2196     .0000    4295.8
 2013 04 20 12 31  2.000  -30.877  -36.874     .000  1301970.6     .0394    -.2179     .0000    4319.4
 2013 04 20 12 31  3.000  -30.837  -37.091     .000  1306301.7     .0395    -.2163     .0000    4342.7
 2013 04 20 12 31  4.000  -30.798  -37.307     .000  1310656.0     .0397    -.2146     .0000    4365.8
 2013 04 20 12 31  5.000  -30.758  -37.520     .000  1315033.3     .0399    -.2130     .0000    4388.7
 2013 04 20 12 31  6.000  -30.718  -37.733     .000  1319433.3     .0400    -.2114     .0000    4411.3
 2013 04 20 12 31  7.000  -30.678  -37.943     .000  1323855.8     .0402    -.2098     .0000    4433.8
 2013 04 20 12 31  8.000  -30.638  -38.152     .000  1328300.7     .0403    -.2082     .0000    4455.9
 2013 04 20 12 31  9.000  -30.597  -38.360     .000  1332767.7     .0405    -.2066     .0000    4477.9
 2013 04 20 12 31 10.000  -30.557  -38.565     .000  1337256.4     .0406    -.2050     .0000    4499.6
 2013 04 20 12 31 11.000  -30.516  -38.770     .000  1341766.9     .0408    -.2035     .0000    4521.2
 2013 04 20 12 31 12.000  -30.475  -38.972     .000  1346298.7     .0409    -.2019     .0000    4542.4
 2013 04 20 12 31 13.000  -30.434  -39.173     .000  1350851.7     .0411    -.2003     .0000    4563.5
 2013 04 20 12 31 14.000  -30.393  -39.373     .000  1355425.6     .0412    -.1988     .0000    4584.4
 2013 04 20 12 31 15.000  -30.352  -39.571     .000  1360020.4     .0413    -.1972     .0000    4605.0
 2013 04 20 12 31 16.000  -30.310  -39.768     .000  1364635.6     .0415    -.1957     .0000    4625.4
 2013 04 20 12 31 17.000  -30.269  -39.962     .000  1369271.2     .0416    -.1942     .0000    4645.7
 2013 04 20 12 31 18.000  -30.227  -40.156     .000  1373926.9     .0418    -.1927     .0000    4665.7
 2013 04 20 12 31 19.000  -30.185  -40.348     .000  1378602.5     .0419    -.1912     .0000    4685.5
 2013 04 20 12 31 20.000  -30.143  -40.538     .000  1383297.8     .0421    -.1897     .0000    4705.1
 2013 04 20 12 31 21.000  -30.101  -40.727     .000  1388012.5     .0422    -.1882     .0000    4724.5
 2013 04 20 12 31 22.000  -30.059  -40.915     .000  1392746.6     .0423    -.1867     .0000    4743.7
 2013 04 20 12 31 23.000  -30.016  -41.101     .000  1397499.8     .0425    -.1852     .0000    4762.7
 2013 04 20 12 31 24.000  -29.974  -41.285     .000  1402271.9     .0426    -.1838     .0000    4781.5
 2013 04 20 12 31 25.000  -29.931  -41.468     .000  1407062.6     .0427    -.1823     .0000    4800.0
 2013 04 20 12 31 26.000  -29.888  -41.650     .000  1411871.9     .0429    -.1809     .0000    4818.5
 2013 04 20 12 31 27.000  -29.845  -41.830     .000  1416699.5     .0430    -.1794     .0000    4836.7
 2013 04 20 12 31 28.000  -29.802  -42.009     .000  1421545.2     .0431    -.1780     .0000    4854.7
 2013 04 20 12 31 29.000  -29.759  -42.186     .000  1426408.8     .0433    -.1766     .0000    4872.5
 2013 04 20 12 31 30.000  -29.716  -42.362     .000  1431290.2     .0434    -.1752     .0000    4890.2
 2013 04 20 12 31 31.000  -29.672  -42.536     .000  1436189.1     .0435    -.1738     .0000    4907.6
 2013 04 20 12 31 32.000  -29.629  -42.709     .000  1441105.4     .0436    -.1724     .0000    4924.9
 2013 04 20 12 31 33.000  -29.585  -42.881     .000  1446038.9     .0438    -.1710     .0000    4942.0
 2013 04 20 12 31 34.000  -29.541  -43.051     .000  1450989.4     .0439    -.1697     .0000    4958.9
 2013 04 20 12 31 35.000  -29.497  -43.220     .000  1455956.7     .0440    -.1683     .0000    4975.7
 2013 04 20 12 31 36.000  -29.453  -43.388     .000  1460940.7     .0441    -.1669     .0000    4992.3
 2013 04 20 12 31 37.000  -29.409  -43.554     .000  1465941.1     .0443    -.1656     .0000    5008.6
 2013 04 20 12 31 38.000  -29.365  -43.719     .000  1470957.9     .0444    -.1643     .0000    5024.9
 2013 04 20 12 31 39.000  -29.320  -43.883     .000  1475990.8     .0445    -.1629     .0000    5040.9
 2013 04 20 12 31 40.000  -29.276  -44.045     .000  1481039.7     .0446    -.1616     .0000    5056.8
 2013 04 20 12 31 41.000  -29.231  -44.206     .000  1486104.3     .0447    -.1603     .0000    5072.5
 2013 04 20 12 31 42.000  -29.186  -44.366     .000  1491184.7     .0449    -.1590     .0000    5088.1
 2013 04 20 12 31 43.000  -29.141  -44.524     .000  1496280.4     .0450    -.1577     .0000    5103.5
 2013 04 20 12 31 44.000  -29.096  -44.681     .000  1501391.5     .0451    -.1565     .0000    5118.7
 2013 04 20 12 31 45.000  -29.051  -44.837     .000  1506517.7     .0452    -.1552     .0000    5133.8
 2013 04 20 12 31 46.000  -29.006  -44.992     .000  1511659.0     .0453    -.1539     .0000    5148.7
 2013 04 20 12 31 46.053  -29.003  -45.000     .000  1511931.0     .0453    -.1539     .0000    5149.4
 
