ZY3             1 IN  2013 04 20 00 00 00.0
ZY3             1 OUT 2013 04 20 00 11 30.0

ZY3             2 IN  2013 04 20 01 20 09.0
ZY3             2 OUT 2013 04 20 01 52 46.0

ZY3             3 IN  2013 04 20 03 01 25.0
ZY3             3 OUT 2013 04 20 03 34 01.0

ZY3             4 IN  2013 04 20 04 42 41.0
ZY3             4 OUT 2013 04 20 05 15 17.0

ZY3             5 IN  2013 04 20 06 23 56.0
ZY3             5 OUT 2013 04 20 06 56 32.0

ZY3             6 IN  2013 04 20 08 05 12.0
ZY3             6 OUT 2013 04 20 08 37 48.0

ZY3             7 IN  2013 04 20 09 46 27.0
ZY3             7 OUT 2013 04 20 10 19 03.0

ZY3             8 IN  2013 04 20 11 27 43.0
ZY3             8 OUT 2013 04 20 12 00 19.0

ZY3             9 IN  2013 04 20 13 08 59.0
ZY3             9 OUT 2013 04 20 13 41 34.0

ZY3            10 IN  2013 04 20 14 50 14.0
ZY3            10 OUT 2013 04 20 15 22 50.0

ZY3            11 IN  2013 04 20 16 31 30.0
ZY3            11 OUT 2013 04 20 17 04 05.0

ZY3            12 IN  2013 04 20 18 12 45.0
ZY3            12 OUT 2013 04 20 18 45 21.0

ZY3            13 IN  2013 04 20 19 54 01.0
ZY3            13 OUT 2013 04 20 20 26 36.0

ZY3            14 IN  2013 04 20 21 35 16.0
ZY3            14 OUT 2013 04 20 22 07 52.0

ZY3            15 IN  2013 04 20 23 16 32.0
ZY3            15 OUT 2013 04 20 23 49 07.0

