0 49.8125 110.5866 75 5 1
2  45.0 45.0 0.00
1 43.7376 83.1228 15 5 1
2  45.0 45.0 0.00
2 51.4568 105.6707 75 5 1
2  45.0 45.0 0.00
3 28.8932 113.7383 35 5 1
2  45.0 45.0 0.00
4 36.1333 76.1676 75 5 1
2  45.0 45.0 0.00
5 32.3881 119.7148 95 5 1
2  45.0 45.0 0.00
6 17.5821 118.0906 75 5 1
2  45.0 45.0 0.00
7 35.49 97.616 105 5 1
2  45.0 45.0 0.00
8 43.6027 103.7554 15 5 1
2  45.0 45.0 0.00
9 30.2265 82.2876 15 5 1
2  45.0 45.0 0.00
10 6.1924 121.2999 25 5 1
2  45.0 45.0 0.00
11 34.0726 92.8294 55 5 1
2  45.0 45.0 0.00
12 50.5268 109.9033 65 5 1
2  45.0 45.0 0.00
13 18.4835 73.5436 85 5 1
2  45.0 45.0 0.00
14 15.4824 98.2124 105 5 1
2  45.0 45.0 0.00
15 8.2525 125.2508 45 5 1
2  45.0 45.0 0.00
16 16.5255 88.4237 95 5 1
2  45.0 45.0 0.00
17 23.2318 74.035 65 5 1
2  45.0 45.0 0.00
18 18.2124 78.7009 55 5 1
2  45.0 45.0 0.00
19 48.3654 75.8842 15 5 1
2  45.0 45.0 0.00
20 27.7279 77.7675 85 5 1
2  45.0 45.0 0.00
21 49.5618 125.1817 95 5 1
2  45.0 45.0 0.00
22 17.0958 130.4778 65 5 1
2  45.0 45.0 0.00
23 9.0715 74.4392 55 5 1
2  45.0 45.0 0.00
24 34.1267 84.5322 65 5 1
2  45.0 45.0 0.00
25 29.2983 89.0286 45 5 1
2  45.0 45.0 0.00
26 4.6472 115.0207 55 5 1
2  45.0 45.0 0.00
27 40.1541 115.2004 25 5 1
2  45.0 45.0 0.00
28 18.2852 88.9833 95 5 1
2  45.0 45.0 0.00
29 31.0671 110.1629 55 5 1
2  45.0 45.0 0.00
30 40.3712 92.6618 85 5 1
2  45.0 45.0 0.00
31 50.6319 87.0535 45 5 1
2  45.0 45.0 0.00
32 10.1041 100.67 25 5 1
2  45.0 45.0 0.00
33 19.5457 76.4048 55 5 1
2  45.0 45.0 0.00
34 7.7224 128.8384 25 5 1
2  45.0 45.0 0.00
35 18.7139 117.7363 105 5 1
2  45.0 45.0 0.00
36 41.6202 95.1592 45 5 1
2  45.0 45.0 0.00
37 50.5865 130.5659 35 5 1
2  45.0 45.0 0.00
38 40.7386 122.4771 75 5 1
2  45.0 45.0 0.00
39 43.7304 126.6055 85 5 1
2  45.0 45.0 0.00
40 16.4622 91.5178 15 5 1
2  45.0 45.0 0.00
41 29.118 123.3956 85 5 1
2  45.0 45.0 0.00
42 28.8962 125.4412 35 5 1
2  45.0 45.0 0.00
43 24.8476 75.1402 105 5 1
2  45.0 45.0 0.00
44 46.2595 79.3477 55 5 1
2  45.0 45.0 0.00
45 49.7021 102.1529 105 5 1
2  45.0 45.0 0.00
46 5.3903 74.4413 75 5 1
2  45.0 45.0 0.00
47 28.2227 121.449 95 5 1
2  45.0 45.0 0.00
48 13.434 132.9456 35 5 1
2  45.0 45.0 0.00
49 50.9459 98.2606 85 5 1
2  45.0 45.0 0.00
50 28.9557 73.3725 45 5 1
2  45.0 45.0 0.00
51 15.2173 88.7218 25 5 1
2  45.0 45.0 0.00
52 8.2346 131.2144 95 5 1
2  45.0 45.0 0.00
53 50.921 97.7074 75 5 1
2  45.0 45.0 0.00
54 27.9669 120.5197 55 5 1
2  45.0 45.0 0.00
55 51.547 76.3567 45 5 1
2  45.0 45.0 0.00
56 43.0272 98.4752 75 5 1
2  45.0 45.0 0.00
57 48.352 94.3663 105 5 1
2  45.0 45.0 0.00
58 11.9521 87.2612 45 5 1
2  45.0 45.0 0.00
59 28.3798 97.5602 15 5 1
2  45.0 45.0 0.00
60 11.9933 108.4659 105 5 1
2  45.0 45.0 0.00
61 52.1598 91.8813 35 5 1
2  45.0 45.0 0.00
62 15.3859 89.6158 105 5 1
2  45.0 45.0 0.00
63 32.7817 120.0741 35 5 1
2  45.0 45.0 0.00
64 22.4885 118.7205 25 5 1
2  45.0 45.0 0.00
65 13.9804 123.3407 55 5 1
2  45.0 45.0 0.00
66 37.2545 125.2142 45 5 1
2  45.0 45.0 0.00
67 26.2565 108.411 95 5 1
2  45.0 45.0 0.00
68 39.1087 85.6774 35 5 1
2  45.0 45.0 0.00
69 38.8186 99.3795 35 5 1
2  45.0 45.0 0.00
70 45.0859 121.5841 35 5 1
2  45.0 45.0 0.00
71 15.0986 105.8665 15 5 1
2  45.0 45.0 0.00
72 47.3378 117.0407 35 5 1
2  45.0 45.0 0.00
73 42.695 128.7003 75 5 1
2  45.0 45.0 0.00
74 52.5862 106.1069 75 5 1
2  45.0 45.0 0.00
75 48.1492 84.0168 105 5 1
2  45.0 45.0 0.00
76 14.1568 106.4341 105 5 1
2  45.0 45.0 0.00
77 10.5402 115.0248 95 5 1
2  45.0 45.0 0.00
78 7.1912 131.502 95 5 1
2  45.0 45.0 0.00
79 24.9072 114.9745 15 5 1
2  45.0 45.0 0.00
80 8.8114 110.6419 55 5 1
2  45.0 45.0 0.00
81 24.1382 125.7781 65 5 1
2  45.0 45.0 0.00
82 6.6651 104.7632 35 5 1
2  45.0 45.0 0.00
83 17.4176 83.3713 35 5 1
2  45.0 45.0 0.00
84 25.6398 108.2567 75 5 1
2  45.0 45.0 0.00
85 28.8087 109.8979 75 5 1
2  45.0 45.0 0.00
86 27.1033 107.9659 45 5 1
2  45.0 45.0 0.00
87 22.5616 97.0824 85 5 1
2  45.0 45.0 0.00
88 23.365 78.0212 65 5 1
2  45.0 45.0 0.00
89 47.2377 81.3953 95 5 1
2  45.0 45.0 0.00
90 10.4313 90.9194 35 5 1
2  45.0 45.0 0.00
91 12.7795 124.0835 35 5 1
2  45.0 45.0 0.00
92 44.0646 119.476 75 5 1
2  45.0 45.0 0.00
93 18.7685 73.338 15 5 1
2  45.0 45.0 0.00
94 26.8481 108.4195 45 5 1
2  45.0 45.0 0.00
95 20.4728 84.9796 65 5 1
2  45.0 45.0 0.00
96 5.1762 92.4339 25 5 1
2  45.0 45.0 0.00
97 12.3317 83.4177 55 5 1
2  45.0 45.0 0.00
98 39.235 82.1064 15 5 1
2  45.0 45.0 0.00
99 22.3278 117.0814 35 5 1
2  45.0 45.0 0.00
100 21.3934 105.8871 15 5 1
2  45.0 45.0 0.00
101 35.9961 107.3023 75 5 1
2  45.0 45.0 0.00
102 47.1752 77.21 55 5 1
2  45.0 45.0 0.00
103 52.9418 101.9577 75 5 1
2  45.0 45.0 0.00
104 49.7249 79.0615 45 5 1
2  45.0 45.0 0.00
105 13.6842 97.9545 55 5 1
2  45.0 45.0 0.00
106 14.7253 131.3105 35 5 1
2  45.0 45.0 0.00
107 27.4585 82.7683 85 5 1
2  45.0 45.0 0.00
108 5.7367 93.5906 65 5 1
2  45.0 45.0 0.00
109 6.1199 107.2069 75 5 1
2  45.0 45.0 0.00
110 3.4303 88.5126 105 5 1
2  45.0 45.0 0.00
111 44.3292 112.3345 75 5 1
2  45.0 45.0 0.00
112 31.2878 105.3029 55 5 1
2  45.0 45.0 0.00
113 22.1146 100.128 55 5 1
2  45.0 45.0 0.00
114 15.9263 76.691 95 5 1
2  45.0 45.0 0.00
115 7.2724 108.3838 25 5 1
2  45.0 45.0 0.00
116 22.5629 128.8492 35 5 1
2  45.0 45.0 0.00
117 32.3781 90.0198 65 5 1
2  45.0 45.0 0.00
118 29.4844 89.3637 45 5 1
2  45.0 45.0 0.00
119 43.1908 74.7764 105 5 1
2  45.0 45.0 0.00
120 50.5061 92.2826 95 5 1
2  45.0 45.0 0.00
121 48.1738 101.1615 15 5 1
2  45.0 45.0 0.00
122 25.1535 95.6625 65 5 1
2  45.0 45.0 0.00
123 22.3148 74.8686 95 5 1
2  45.0 45.0 0.00
124 43.9353 91.1286 105 5 1
2  45.0 45.0 0.00
125 43.1266 78.0997 45 5 1
2  45.0 45.0 0.00
126 9.4274 94.2611 55 5 1
2  45.0 45.0 0.00
127 21.31 96.982 75 5 1
2  45.0 45.0 0.00
128 52.4505 122.7649 95 5 1
2  45.0 45.0 0.00
129 31.9655 95.2551 15 5 1
2  45.0 45.0 0.00
130 34.9799 103.7988 95 5 1
2  45.0 45.0 0.00
131 46.9393 84.3851 85 5 1
2  45.0 45.0 0.00
132 24.4504 106.8915 75 5 1
2  45.0 45.0 0.00
133 44.4766 81.9741 35 5 1
2  45.0 45.0 0.00
134 25.4793 111.8348 65 5 1
2  45.0 45.0 0.00
135 47.731 117.8585 45 5 1
2  45.0 45.0 0.00
136 50.0372 83.1979 75 5 1
2  45.0 45.0 0.00
137 5.0841 124.763 85 5 1
2  45.0 45.0 0.00
138 8.526 123.0911 15 5 1
2  45.0 45.0 0.00
139 45.2978 89.2052 35 5 1
2  45.0 45.0 0.00
140 24.352 107.4055 85 5 1
2  45.0 45.0 0.00
141 28.8904 101.9045 45 5 1
2  45.0 45.0 0.00
142 26.54 75.0515 45 5 1
2  45.0 45.0 0.00
143 49.8465 96.9725 75 5 1
2  45.0 45.0 0.00
144 8.0262 120.2269 45 5 1
2  45.0 45.0 0.00
145 41.3771 132.0543 75 5 1
2  45.0 45.0 0.00
146 36.2296 100.656 75 5 1
2  45.0 45.0 0.00
147 21.0694 113.6371 35 5 1
2  45.0 45.0 0.00
148 46.1298 117.68 75 5 1
2  45.0 45.0 0.00
149 40.3934 126.8685 35 5 1
2  45.0 45.0 0.00
150 41.0225 107.019 75 5 1
2  45.0 45.0 0.00
151 5.4452 103.6654 35 5 1
2  45.0 45.0 0.00
152 36.8601 87.9647 75 5 1
2  45.0 45.0 0.00
153 42.9521 85.0524 45 5 1
2  45.0 45.0 0.00
154 24.3862 80.8675 15 5 1
2  45.0 45.0 0.00
155 10.983 73.6382 45 5 1
2  45.0 45.0 0.00
156 16.7084 129.7775 15 5 1
2  45.0 45.0 0.00
157 30.3023 88.1364 95 5 1
2  45.0 45.0 0.00
158 9.0232 85.6974 55 5 1
2  45.0 45.0 0.00
159 42.5835 78.489 95 5 1
2  45.0 45.0 0.00
160 44.8721 92.161 15 5 1
2  45.0 45.0 0.00
161 34.5524 126.298 15 5 1
2  45.0 45.0 0.00
162 36.2927 128.4331 45 5 1
2  45.0 45.0 0.00
163 16.9673 132.1159 35 5 1
2  45.0 45.0 0.00
164 11.2248 115.3508 15 5 1
2  45.0 45.0 0.00
165 36.9629 127.4002 55 5 1
2  45.0 45.0 0.00
166 50.1281 87.0495 85 5 1
2  45.0 45.0 0.00
167 38.0588 100.3029 95 5 1
2  45.0 45.0 0.00
168 11.0104 132.3789 65 5 1
2  45.0 45.0 0.00
169 49.7179 110.721 95 5 1
2  45.0 45.0 0.00
170 32.0627 129.5415 65 5 1
2  45.0 45.0 0.00
171 38.094 86.7786 95 5 1
2  45.0 45.0 0.00
172 49.6824 80.8917 15 5 1
2  45.0 45.0 0.00
173 42.2775 102.6107 25 5 1
2  45.0 45.0 0.00
174 33.7223 95.3238 65 5 1
2  45.0 45.0 0.00
175 21.5806 111.347 55 5 1
2  45.0 45.0 0.00
176 36.7146 99.1919 75 5 1
2  45.0 45.0 0.00
177 22.7963 106.8637 75 5 1
2  45.0 45.0 0.00
178 39.1563 88.7617 105 5 1
2  45.0 45.0 0.00
179 41.2541 106.736 105 5 1
2  45.0 45.0 0.00
180 14.1456 111.8514 95 5 1
2  45.0 45.0 0.00
181 14.158 118.7269 45 5 1
2  45.0 45.0 0.00
182 27.0698 97.6352 45 5 1
2  45.0 45.0 0.00
183 47.8135 73.5769 95 5 1
2  45.0 45.0 0.00
184 8.6947 73.0317 95 5 1
2  45.0 45.0 0.00
185 26.8156 110.4575 95 5 1
2  45.0 45.0 0.00
186 34.7139 115.0999 25 5 1
2  45.0 45.0 0.00
187 45.6055 77.9573 35 5 1
2  45.0 45.0 0.00
188 33.4697 107.1809 95 5 1
2  45.0 45.0 0.00
189 13.9902 104.9635 105 5 1
2  45.0 45.0 0.00
190 26.7936 81.5128 45 5 1
2  45.0 45.0 0.00
191 51.3457 92.1393 15 5 1
2  45.0 45.0 0.00
192 29.3683 104.9862 95 5 1
2  45.0 45.0 0.00
193 39.1652 120.2622 75 5 1
2  45.0 45.0 0.00
194 11.363 104.124 25 5 1
2  45.0 45.0 0.00
195 43.4381 101.6888 75 5 1
2  45.0 45.0 0.00
196 18.6328 112.2326 105 5 1
2  45.0 45.0 0.00
197 20.0553 115.6027 45 5 1
2  45.0 45.0 0.00
198 16.7652 78.3224 35 5 1
2  45.0 45.0 0.00
199 42.2734 100.9325 45 5 1
2  45.0 45.0 0.00
200 32.247 88.3842 75 5 1
2  45.0 45.0 0.00
201 4.3787 74.4762 75 5 1
2  45.0 45.0 0.00
202 49.2909 79.4245 85 5 1
2  45.0 45.0 0.00
203 7.7704 117.944 65 5 1
2  45.0 45.0 0.00
204 19.4674 81.036 75 5 1
2  45.0 45.0 0.00
205 52.0888 118.3719 85 5 1
2  45.0 45.0 0.00
206 16.903 100.5891 75 5 1
2  45.0 45.0 0.00
207 27.2009 96.6264 55 5 1
2  45.0 45.0 0.00
208 26.2505 108.7498 95 5 1
2  45.0 45.0 0.00
209 30.8487 100.0672 55 5 1
2  45.0 45.0 0.00
210 52.3147 90.9545 25 5 1
2  45.0 45.0 0.00
211 51.3685 117.5371 25 5 1
2  45.0 45.0 0.00
212 20.1187 102.9515 65 5 1
2  45.0 45.0 0.00
213 20.2205 76.7897 15 5 1
2  45.0 45.0 0.00
214 15.2422 97.5802 25 5 1
2  45.0 45.0 0.00
215 40.1492 87.5675 65 5 1
2  45.0 45.0 0.00
216 14.5897 129.1713 105 5 1
2  45.0 45.0 0.00
217 22.4237 123.2831 75 5 1
2  45.0 45.0 0.00
218 37.9999 111.7325 85 5 1
2  45.0 45.0 0.00
219 47.1986 103.3034 75 5 1
2  45.0 45.0 0.00
220 36.2774 119.7747 35 5 1
2  45.0 45.0 0.00
221 26.2726 97.2166 105 5 1
2  45.0 45.0 0.00
222 5.2698 95.8816 85 5 1
2  45.0 45.0 0.00
223 23.2234 96.7198 95 5 1
2  45.0 45.0 0.00
224 37.4213 119.1393 45 5 1
2  45.0 45.0 0.00
225 16.5733 106.2628 95 5 1
2  45.0 45.0 0.00
226 15.4371 125.3223 105 5 1
2  45.0 45.0 0.00
227 14.0543 132.7307 105 5 1
2  45.0 45.0 0.00
228 23.3304 92.5656 55 5 1
2  45.0 45.0 0.00
229 6.5196 94.1716 45 5 1
2  45.0 45.0 0.00
230 4.9748 94.0338 75 5 1
2  45.0 45.0 0.00
231 17.7033 112.6403 15 5 1
2  45.0 45.0 0.00
232 37.1401 123.5364 75 5 1
2  45.0 45.0 0.00
233 42.5653 130.1038 85 5 1
2  45.0 45.0 0.00
234 23.3195 130.0136 75 5 1
2  45.0 45.0 0.00
235 12.1985 86.5766 25 5 1
2  45.0 45.0 0.00
236 29.3558 119.3029 105 5 1
2  45.0 45.0 0.00
237 52.4892 81.351 55 5 1
2  45.0 45.0 0.00
238 40.2591 101.7167 25 5 1
2  45.0 45.0 0.00
239 51.0102 109.2414 75 5 1
2  45.0 45.0 0.00
240 6.353 109.1815 35 5 1
2  45.0 45.0 0.00
241 47.5964 86.1355 25 5 1
2  45.0 45.0 0.00
242 4.896 73.8244 75 5 1
2  45.0 45.0 0.00
243 3.1318 102.7204 75 5 1
2  45.0 45.0 0.00
244 49.7016 97.5151 85 5 1
2  45.0 45.0 0.00
245 7.1522 105.4571 15 5 1
2  45.0 45.0 0.00
246 46.7231 129.5057 95 5 1
2  45.0 45.0 0.00
247 16.8378 93.9524 75 5 1
2  45.0 45.0 0.00
248 15.0386 107.1754 65 5 1
2  45.0 45.0 0.00
249 44.3377 75.4152 35 5 1
2  45.0 45.0 0.00
250 24.6003 76.0291 85 5 1
2  45.0 45.0 0.00
251 51.174 110.2169 55 5 1
2  45.0 45.0 0.00
252 16.7805 88.9526 85 5 1
2  45.0 45.0 0.00
253 18.8967 114.4687 45 5 1
2  45.0 45.0 0.00
254 41.6345 103.8824 45 5 1
2  45.0 45.0 0.00
255 27.3524 82.6495 95 5 1
2  45.0 45.0 0.00
256 41.7584 84.0806 25 5 1
2  45.0 45.0 0.00
257 14.0474 79.4755 95 5 1
2  45.0 45.0 0.00
258 4.6388 104.1398 65 5 1
2  45.0 45.0 0.00
259 50.9206 132.7296 95 5 1
2  45.0 45.0 0.00
260 51.7306 83.7722 55 5 1
2  45.0 45.0 0.00
261 38.36 125.9427 95 5 1
2  45.0 45.0 0.00
262 12.3715 106.2232 85 5 1
2  45.0 45.0 0.00
263 9.0443 97.4861 105 5 1
2  45.0 45.0 0.00
264 34.9382 112.7201 15 5 1
2  45.0 45.0 0.00
265 19.6468 114.7153 65 5 1
2  45.0 45.0 0.00
266 46.9988 75.8348 35 5 1
2  45.0 45.0 0.00
267 5.0674 124.9071 55 5 1
2  45.0 45.0 0.00
268 40.5425 96.4005 75 5 1
2  45.0 45.0 0.00
269 20.655 115.1845 75 5 1
2  45.0 45.0 0.00
270 42.3128 130.0517 105 5 1
2  45.0 45.0 0.00
271 35.0666 99.1729 85 5 1
2  45.0 45.0 0.00
272 35.6447 80.8899 15 5 1
2  45.0 45.0 0.00
273 15.4699 87.2003 85 5 1
2  45.0 45.0 0.00
274 28.0009 93.0997 85 5 1
2  45.0 45.0 0.00
275 30.3437 114.3117 85 5 1
2  45.0 45.0 0.00
276 50.4443 80.4473 45 5 1
2  45.0 45.0 0.00
277 48.437 123.2502 15 5 1
2  45.0 45.0 0.00
278 20.3145 126.3238 95 5 1
2  45.0 45.0 0.00
279 50.5329 109.7796 45 5 1
2  45.0 45.0 0.00
280 5.111 89.2402 25 5 1
2  45.0 45.0 0.00
281 45.1521 80.9269 25 5 1
2  45.0 45.0 0.00
282 27.012 92.9334 45 5 1
2  45.0 45.0 0.00
283 49.4209 94.4353 105 5 1
2  45.0 45.0 0.00
284 30.278 82.6816 65 5 1
2  45.0 45.0 0.00
285 35.8111 126.4438 55 5 1
2  45.0 45.0 0.00
286 40.981 125.3146 65 5 1
2  45.0 45.0 0.00
287 12.6887 82.8934 65 5 1
2  45.0 45.0 0.00
288 10.6664 80.8819 105 5 1
2  45.0 45.0 0.00
289 21.453 86.2948 15 5 1
2  45.0 45.0 0.00
290 23.1254 121.903 85 5 1
2  45.0 45.0 0.00
291 11.5039 85.6657 105 5 1
2  45.0 45.0 0.00
292 11.4022 102.8549 55 5 1
2  45.0 45.0 0.00
293 45.7833 85.873 95 5 1
2  45.0 45.0 0.00
294 35.9218 88.872 45 5 1
2  45.0 45.0 0.00
295 5.954 123.9932 95 5 1
2  45.0 45.0 0.00
296 28.4874 79.0459 35 5 1
2  45.0 45.0 0.00
297 37.452 91.2485 45 5 1
2  45.0 45.0 0.00
298 25.4872 119.8287 25 5 1
2  45.0 45.0 0.00
299 34.6222 90.1484 95 5 1
2  45.0 45.0 0.00
300 22.6099 90.9605 105 5 1
2  45.0 45.0 0.00
301 27.1717 88.5557 75 5 1
2  45.0 45.0 0.00
302 17.273 103.1005 15 5 1
2  45.0 45.0 0.00
303 47.4374 129.0553 25 5 1
2  45.0 45.0 0.00
304 35.4042 82.0786 105 5 1
2  45.0 45.0 0.00
305 42.5867 128.1992 75 5 1
2  45.0 45.0 0.00
306 16.249 120.165 105 5 1
2  45.0 45.0 0.00
307 37.5643 99.8811 25 5 1
2  45.0 45.0 0.00
308 33.0721 105.4221 25 5 1
2  45.0 45.0 0.00
309 31.4229 124.4212 35 5 1
2  45.0 45.0 0.00
310 16.6561 113.4905 15 5 1
2  45.0 45.0 0.00
311 7.2114 97.4341 75 5 1
2  45.0 45.0 0.00
312 20.0108 80.7536 25 5 1
2  45.0 45.0 0.00
313 47.3493 123.9266 35 5 1
2  45.0 45.0 0.00
314 10.5757 117.6762 95 5 1
2  45.0 45.0 0.00
315 15.8192 130.4882 95 5 1
2  45.0 45.0 0.00
316 23.6437 108.1363 25 5 1
2  45.0 45.0 0.00
317 3.4068 132.1933 95 5 1
2  45.0 45.0 0.00
318 39.0278 93.6791 65 5 1
2  45.0 45.0 0.00
319 37.4563 130.7404 55 5 1
2  45.0 45.0 0.00
320 52.7882 90.0474 105 5 1
2  45.0 45.0 0.00
321 31.5756 104.4892 65 5 1
2  45.0 45.0 0.00
322 15.9677 82.905 45 5 1
2  45.0 45.0 0.00
323 16.155 106.9576 75 5 1
2  45.0 45.0 0.00
324 23.6313 127.5514 85 5 1
2  45.0 45.0 0.00
325 36.4445 82.6931 25 5 1
2  45.0 45.0 0.00
326 8.2947 80.2479 105 5 1
2  45.0 45.0 0.00
327 21.2714 125.5616 45 5 1
2  45.0 45.0 0.00
328 37.3122 101.7403 75 5 1
2  45.0 45.0 0.00
329 12.1417 99.3872 95 5 1
2  45.0 45.0 0.00
330 21.2601 74.2656 85 5 1
2  45.0 45.0 0.00
331 30.3961 113.1841 75 5 1
2  45.0 45.0 0.00
332 8.3731 104.5325 75 5 1
2  45.0 45.0 0.00
333 23.3066 111.1506 85 5 1
2  45.0 45.0 0.00
334 22.5853 106.6244 35 5 1
2  45.0 45.0 0.00
335 52.4702 77.3934 85 5 1
2  45.0 45.0 0.00
336 17.5994 84.475 105 5 1
2  45.0 45.0 0.00
337 25.3547 108.1816 55 5 1
2  45.0 45.0 0.00
338 7.8384 132.0795 85 5 1
2  45.0 45.0 0.00
339 24.731 122.0481 75 5 1
2  45.0 45.0 0.00
340 33.0137 91.3541 95 5 1
2  45.0 45.0 0.00
341 23.3627 88.6897 95 5 1
2  45.0 45.0 0.00
342 36.6775 96.3412 15 5 1
2  45.0 45.0 0.00
343 27.9368 112.6056 95 5 1
2  45.0 45.0 0.00
344 10.9476 96.401 25 5 1
2  45.0 45.0 0.00
345 18.9915 97.474 65 5 1
2  45.0 45.0 0.00
346 19.3568 109.2294 95 5 1
2  45.0 45.0 0.00
347 45.2262 93.4403 85 5 1
2  45.0 45.0 0.00
348 47.2753 100.6131 35 5 1
2  45.0 45.0 0.00
349 36.1661 75.3373 55 5 1
2  45.0 45.0 0.00
350 4.3575 85.9455 15 5 1
2  45.0 45.0 0.00
351 38.3351 114.6174 45 5 1
2  45.0 45.0 0.00
352 21.2947 129.1945 15 5 1
2  45.0 45.0 0.00
353 39.4089 110.2438 105 5 1
2  45.0 45.0 0.00
354 16.9669 87.8947 95 5 1
2  45.0 45.0 0.00
355 5.1549 91.8768 25 5 1
2  45.0 45.0 0.00
356 49.4062 76.5805 55 5 1
2  45.0 45.0 0.00
357 4.4816 125.1847 45 5 1
2  45.0 45.0 0.00
358 11.8366 117.0157 35 5 1
2  45.0 45.0 0.00
359 31.2729 111.9117 45 5 1
2  45.0 45.0 0.00
360 52.0657 84.2761 85 5 1
2  45.0 45.0 0.00
361 50.7456 124.0904 85 5 1
2  45.0 45.0 0.00
362 14.6831 130.6922 85 5 1
2  45.0 45.0 0.00
363 52.2734 99.3245 75 5 1
2  45.0 45.0 0.00
364 13.0724 97.5934 75 5 1
2  45.0 45.0 0.00
365 45.7966 109.8247 55 5 1
2  45.0 45.0 0.00
366 18.9988 121.6839 65 5 1
2  45.0 45.0 0.00
367 48.3214 82.9925 15 5 1
2  45.0 45.0 0.00
368 43.7597 96.6526 65 5 1
2  45.0 45.0 0.00
369 14.5566 105.8857 25 5 1
2  45.0 45.0 0.00
370 27.5235 114.1468 85 5 1
2  45.0 45.0 0.00
371 6.9634 105.8435 85 5 1
2  45.0 45.0 0.00
372 42.1519 107.5994 25 5 1
2  45.0 45.0 0.00
373 40.7473 74.3191 35 5 1
2  45.0 45.0 0.00
374 13.6691 97.4392 65 5 1
2  45.0 45.0 0.00
375 41.8361 93.7094 105 5 1
2  45.0 45.0 0.00
376 24.3887 116.3398 75 5 1
2  45.0 45.0 0.00
377 3.2785 105.06 35 5 1
2  45.0 45.0 0.00
378 21.6976 100.7619 15 5 1
2  45.0 45.0 0.00
379 49.2747 85.7337 95 5 1
2  45.0 45.0 0.00
380 13.0409 97.4353 45 5 1
2  45.0 45.0 0.00
381 42.2563 109.6271 65 5 1
2  45.0 45.0 0.00
382 24.9221 84.5437 15 5 1
2  45.0 45.0 0.00
383 47.7882 98.0217 25 5 1
2  45.0 45.0 0.00
384 37.1383 76.0083 25 5 1
2  45.0 45.0 0.00
385 44.1417 92.3821 25 5 1
2  45.0 45.0 0.00
386 42.019 76.3261 35 5 1
2  45.0 45.0 0.00
387 17.55 77.0275 75 5 1
2  45.0 45.0 0.00
388 26.3787 132.1614 85 5 1
2  45.0 45.0 0.00
389 12.1296 101.102 75 5 1
2  45.0 45.0 0.00
390 48.2495 108.2637 25 5 1
2  45.0 45.0 0.00
391 5.4714 78.8162 45 5 1
2  45.0 45.0 0.00
392 18.1057 78.0254 65 5 1
2  45.0 45.0 0.00
393 28.4293 93.5289 35 5 1
2  45.0 45.0 0.00
394 36.3258 84.3707 95 5 1
2  45.0 45.0 0.00
395 51.637 124.9682 15 5 1
2  45.0 45.0 0.00
396 11.5445 73.2457 95 5 1
2  45.0 45.0 0.00
397 37.273 98.3461 105 5 1
2  45.0 45.0 0.00
398 41.5397 76.8468 65 5 1
2  45.0 45.0 0.00
399 37.6621 79.0549 45 5 1
2  45.0 45.0 0.00
